0 person 0.934645 0.511979 0.013889 0.285937 0.970370
0 bed 0.555763 0.571875 0.254630 0.434896 0.759259
0 wheelchair 0.987224 0.213542 0.230556 0.307292 0.689815
15 person 0.881772 0.538021 0.023148 0.264062 0.949074
15 bed 0.599192 0.581250 0.285185 0.415625 0.723148
15 wheelchair 0.944273 0.223438 0.230556 0.302604 0.701852
30 person 0.913019 0.543229 0.004630 0.232812 1.000000
30 bed 0.452709 0.581250 0.295370 0.415625 0.706481
30 wheelchair 0.938246 0.232812 0.256481 0.326562 0.672222
45 person 0.877545 0.502083 0.064815 0.256771 1.001852
45 bed 0.513091 0.581250 0.297222 0.408333 0.713889
45 wheelchair 0.973057 0.220833 0.261111 0.305208 0.662963
66 person 0.855704 0.449479 0.218519 0.285937 0.749074
66 wheelchair 0.987366 0.218750 0.250000 0.300000 0.682407
66 bed 0.755822 0.504687 0.227778 0.458854 0.800000
70 person 0.847019 0.454167 0.242593 0.278646 0.766667
70 wheelchair 0.991006 0.220833 0.242593 0.300000 0.696296
70 bed 0.775363 0.514063 0.213889 0.454167 0.824074
89 person 0.958853 0.439583 0.287963 0.264062 0.703704
89 wheelchair 0.989783 0.220833 0.251852 0.300000 0.662963
89 bed 0.876397 0.482812 0.256481 0.504687 0.761111
114 person 0.876956 0.406250 0.278704 0.305208 0.703704
114 wheelchair 0.991184 0.230729 0.250000 0.276042 0.662963
114 bed 0.949307 0.487500 0.273148 0.500000 0.730556
130 person 0.784662 0.413021 0.268519 0.300000 0.720370
130 wheelchair 0.972767 0.230729 0.251852 0.283333 0.658333
130 bed 0.953254 0.487500 0.273148 0.509375 0.732407
137 person 0.870961 0.425000 0.254630 0.264062 0.682407
137 wheelchair 0.973272 0.230729 0.244444 0.283333 0.665741
137 bed 0.954824 0.562500 0.273148 0.446875 0.727778
156 person 0.916209 0.430208 0.203704 0.252083 0.754630
156 wheelchair 0.952877 0.247396 0.247222 0.293229 0.665741
156 bed 0.959081 0.567187 0.280556 0.439583 0.713889
181 person 0.857456 0.369792 0.230556 0.297917 0.708333
181 wheelchair 0.956420 0.244792 0.223148 0.254687 0.689815
181 bed 0.865423 0.475521 0.268519 0.514063 0.739815
199 person 0.964984 0.365104 0.227778 0.281250 0.706481
199 wheelchair 0.965846 0.250000 0.237963 0.237500 0.662963
199 bed 0.717052 0.451562 0.239815 0.552604 0.797222
211 person 0.907445 0.353125 0.177778 0.283333 0.771296
211 bed 0.917252 0.329167 0.290741 0.675000 0.703704
211 wheelchair 0.934359 0.252083 0.235185 0.244792 0.665741
212 person 0.912706 0.357812 0.175000 0.273958 0.775926
212 bed 0.908726 0.329167 0.290741 0.672917 0.703704
212 wheelchair 0.940074 0.254687 0.227778 0.242708 0.672222
227 person 0.951311 0.360417 0.213889 0.247396 0.718518
227 wheelchair 0.954440 0.256771 0.239815 0.237500 0.643519
227 bed 0.814020 0.449479 0.256481 0.550000 0.778704
238 person 0.957624 0.341146 0.175000 0.276042 0.783333
238 wheelchair 0.897970 0.259375 0.235185 0.230729 0.650926
238 bed 0.944501 0.336458 0.283333 0.651042 0.720370
255 person 0.952695 0.256771 0.076852 0.307292 0.860185
255 wheelchair 0.943009 0.240104 0.170370 0.343750 0.768519
255 bed 0.899862 0.326562 0.259259 0.670313 0.766667
268 person 0.972728 0.273958 0.042593 0.295312 0.925000
268 bed 0.909616 0.444271 0.256481 0.540625 0.804630
268 wheelchair 0.976834 0.252083 0.162963 0.329167 0.804630
281 person 0.953966 0.293229 0.042593 0.281250 0.932407
281 bed 0.946437 0.350521 0.263889 0.639063 0.768519
281 wheelchair 0.982955 0.271354 0.162963 0.309896 0.802778
295 person 0.951536 0.295312 0.047222 0.276042 0.912963
295 bed 0.973836 0.329167 0.266667 0.665625 0.759259
295 wheelchair 0.979839 0.268750 0.175000 0.307292 0.778704
304 person 0.949403 0.302604 0.035185 0.264062 0.944444
304 bed 0.975662 0.343750 0.256481 0.636979 0.778704
304 wheelchair 0.976859 0.271354 0.162963 0.297917 0.802778
319 person 0.935241 0.305208 0.037963 0.259375 0.939815
319 bed 0.956833 0.343750 0.285185 0.646354 0.747222
319 wheelchair 0.974695 0.266667 0.158333 0.309896 0.809259
325 person 0.934623 0.305208 0.042593 0.252083 0.927778
325 bed 0.956704 0.355729 0.287963 0.629687 0.739815
325 wheelchair 0.966256 0.266667 0.160185 0.300000 0.804630
339 person 0.927479 0.307292 0.040741 0.256771 0.937037
339 bed 0.949543 0.353125 0.295370 0.631771 0.730556
339 wheelchair 0.972728 0.268750 0.158333 0.307292 0.812037
343 person 0.920522 0.309896 0.047222 0.259375 0.915741
343 bed 0.959646 0.348437 0.292593 0.641667 0.732407
343 wheelchair 0.977754 0.268750 0.172222 0.307292 0.785185
361 person 0.909599 0.309896 0.062037 0.264062 0.900926
361 bed 0.964270 0.321875 0.295370 0.675000 0.730556
361 wheelchair 0.975245 0.278646 0.172222 0.302604 0.783333
367 person 0.885741 0.314583 0.059259 0.259375 0.903704
367 bed 0.980646 0.297917 0.275926 0.720833 0.761111
367 wheelchair 0.984596 0.276042 0.184259 0.307292 0.763889
