0 person 0.905768 0.511979 0.018519 0.300000 0.997222
0 bed 0.551911 0.591146 0.321296 0.403646 0.687037
0 wheelchair 0.975696 0.228125 0.266667 0.355729 0.718518
9 person 0.908032 0.535937 0.018519 0.256771 1.064815
9 bed 0.645905 0.588542 0.324074 0.408333 0.687037
9 wheelchair 0.974123 0.223438 0.271296 0.353125 0.711111
24 person 0.918431 0.540625 0.037963 0.254687 1.025926
24 bed 0.722250 0.600521 0.333333 0.386979 0.691667
24 wheelchair 0.983037 0.220833 0.283333 0.355729 0.691667
43 person 0.974832 0.543229 0.093519 0.256771 0.939815
43 bed 0.417975 0.615104 0.355556 0.372396 0.643519
43 wheelchair 0.990689 0.230729 0.292593 0.355729 0.679630
54 person 0.890230 0.533333 0.107407 0.228125 0.932407
54 wheelchair 0.990399 0.235417 0.292593 0.345833 0.675000
54 bed 0.756139 0.605729 0.324074 0.384375 0.691667
61 person 0.816884 0.526042 0.134259 0.223438 0.893519
61 wheelchair 0.988225 0.230729 0.290741 0.355729 0.684259
61 bed 0.831636 0.600521 0.321296 0.389062 0.689815
74 person 0.945302 0.475521 0.280556 0.307292 0.742593
74 wheelchair 0.984904 0.237500 0.290741 0.333854 0.689815
74 bed 0.846253 0.603125 0.314815 0.377083 0.706481
90 person 0.753812 0.439583 0.261111 0.324479 0.725926
90 wheelchair 0.985752 0.235417 0.275926 0.324479 0.711111
90 bed 0.929977 0.603125 0.328704 0.386979 0.665741
97 person 0.879233 0.456250 0.194444 0.278646 0.785185
97 wheelchair 0.988853 0.240104 0.285185 0.319271 0.699074
97 bed 0.916711 0.593750 0.319444 0.396354 0.687037
118 person 0.946920 0.415625 0.167593 0.319271 0.809259
118 wheelchair 0.988321 0.247396 0.287963 0.326562 0.687037
118 bed 0.811823 0.593750 0.312037 0.401042 0.694444
132 person 0.949317 0.406250 0.153704 0.326562 0.833333
132 wheelchair 0.985108 0.250000 0.278704 0.329167 0.701852
132 bed 0.880380 0.579167 0.312037 0.432292 0.684259
148 person 0.925269 0.413021 0.093519 0.295312 0.929630
148 bed 0.846147 0.562500 0.314815 0.451562 0.684259
148 wheelchair 0.959441 0.252083 0.268519 0.312500 0.708333
154 person 0.892337 0.413021 0.088889 0.273958 0.944444
154 bed 0.824183 0.557292 0.307407 0.456250 0.706481
154 wheelchair 0.925511 0.281250 0.223148 0.252083 0.739815
171 person 0.894535 0.362500 0.078704 0.278646 0.869444
171 bed 0.828604 0.473437 0.307407 0.521354 0.730556
171 wheelchair 0.890051 0.264062 0.211111 0.300000 0.742593
194 person 0.804487 0.326562 0.054630 0.302604 0.992593
194 bed 0.858150 0.482812 0.316667 0.514063 0.706481
194 wheelchair 0.893080 0.252083 0.160185 0.341146 0.802778
196 person 0.724851 0.338542 0.062037 0.271354 0.903704
196 bed 0.874166 0.497396 0.319444 0.502083 0.701852
196 wheelchair 0.895288 0.252083 0.160185 0.336458 0.802778
216 person 0.904222 0.278646 0.098148 0.309896 0.819444
216 wheelchair 0.827958 0.252083 0.143519 0.326562 0.826852
216 bed 0.889022 0.506771 0.316667 0.490104 0.699074
223 person 0.873308 0.285937 0.088889 0.297917 0.852778
223 wheelchair 0.729750 0.259375 0.155556 0.312500 0.812037
223 bed 0.927389 0.521354 0.336111 0.456250 0.662963
231 person 0.842957 0.297917 0.088889 0.283333 0.852778
231 wheelchair 0.700983 0.268750 0.158333 0.302604 0.809259
231 bed 0.894843 0.482812 0.304630 0.514063 0.727778
250 person 0.820856 0.326562 0.095370 0.242708 0.824074
250 bed 0.826461 0.473437 0.295370 0.521354 0.742593
250 wheelchair 0.956640 0.261979 0.287963 0.321875 0.699074
270 person 0.988514 0.369792 0.086111 0.232812 0.833333
270 bed 0.709290 0.497396 0.388889 0.490104 0.631481
270 wheelchair 0.983810 0.268750 0.324074 0.285937 0.638889
288 person 0.991905 0.367708 0.098148 0.240104 0.812037
288 bed 0.808412 0.478125 0.393519 0.509375 0.619444
288 wheelchair 0.980306 0.261979 0.326852 0.300000 0.646296
308 person 0.966346 0.341146 0.093519 0.261979 0.852778
308 bed 0.844444 0.350521 0.405556 0.629687 0.588889
308 wheelchair 0.982744 0.261979 0.352778 0.321875 0.614815
312 person 0.947265 0.331250 0.093519 0.276042 0.848148
312 bed 0.860172 0.353125 0.360185 0.629687 0.636111
312 wheelchair 0.980310 0.261979 0.345370 0.329167 0.625000
323 person 0.941349 0.333854 0.088889 0.268750 0.855556
323 bed 0.856876 0.345833 0.367593 0.646354 0.625000
323 wheelchair 0.970902 0.261979 0.336111 0.326562 0.638889
336 person 0.934352 0.333854 0.105556 0.271354 0.828704
336 bed 0.882301 0.345833 0.360185 0.641667 0.634259
336 wheelchair 0.975163 0.261979 0.340741 0.319271 0.631481
361 person 0.940219 0.333854 0.098148 0.271354 0.840741
361 bed 0.764674 0.345833 0.350926 0.648958 0.648148
361 wheelchair 0.973638 0.264062 0.331481 0.324479 0.638889
