0 bed 0.953019 0.013889 0.000000 0.944444 1.081481
10 bed 0.962649 0.013889 0.000000 0.941667 1.059259
25 personsleep 0.467214 0.232639 0.485185 0.571528 0.307407
25 wheelchair 0.991652 0.615278 0.468519 0.391667 0.516667
25 bed 0.936896 0.163194 0.434259 0.781250 0.559259
44 bed 0.496618 0.100694 0.398148 0.898611 0.638889
44 wheelchair 0.606229 0.615278 0.463889 0.375000 0.516667
67 personsleep 0.956239 0.220833 0.533333 0.579167 0.237963
67 wheelchair 0.997886 0.617361 0.458333 0.379167 0.545370
67 bed 0.995330 0.125000 0.432407 0.840972 0.566667
75 personsleep 0.959623 0.232639 0.516667 0.552778 0.254630
75 wheelchair 0.997742 0.617361 0.458333 0.379167 0.545370
75 bed 0.995837 0.120139 0.429630 0.850694 0.571296
80 personsleep 0.960717 0.235417 0.511111 0.545139 0.259259
80 wheelchair 0.998088 0.620139 0.456481 0.377083 0.550000
80 bed 0.995721 0.120139 0.429630 0.850694 0.571296
90 personsleep 0.956242 0.230556 0.521296 0.559722 0.254630
90 wheelchair 0.998002 0.622222 0.453704 0.377083 0.554630
90 bed 0.996236 0.122222 0.427778 0.845833 0.576852
100 personsleep 0.954347 0.225694 0.523148 0.566667 0.251852
100 wheelchair 0.998217 0.622222 0.456481 0.375000 0.554630
100 bed 0.996267 0.122222 0.427778 0.843750 0.578704
102 personsleep 0.952017 0.222917 0.525926 0.571528 0.250000
102 wheelchair 0.998226 0.622222 0.453704 0.375000 0.552778
102 bed 0.995805 0.125000 0.427778 0.838889 0.578704
114 personsleep 0.950872 0.222917 0.521296 0.569444 0.254630
114 wheelchair 0.998274 0.620139 0.458333 0.377083 0.550000
114 bed 0.995109 0.122222 0.427778 0.843750 0.574074
118 personsleep 0.943030 0.218750 0.523148 0.579167 0.254630
118 wheelchair 0.998289 0.620139 0.458333 0.377083 0.550000
118 bed 0.994428 0.120139 0.429630 0.845833 0.571296
134 personsleep 0.942027 0.220833 0.525926 0.579167 0.250000
134 wheelchair 0.998306 0.620139 0.453704 0.377083 0.552778
134 bed 0.995670 0.127083 0.427778 0.834028 0.571296
135 personsleep 0.939992 0.215972 0.525926 0.586111 0.250000
135 wheelchair 0.998303 0.622222 0.456481 0.375000 0.552778
135 bed 0.995786 0.127083 0.427778 0.834028 0.574074
142 personsleep 0.945777 0.227778 0.528704 0.564583 0.251852
142 wheelchair 0.997853 0.622222 0.453704 0.375000 0.554630
142 bed 0.995359 0.127083 0.425000 0.836111 0.578704
157 personsleep 0.956332 0.225694 0.530556 0.566667 0.251852
157 wheelchair 0.998031 0.620139 0.453704 0.379167 0.554630
157 bed 0.996197 0.127083 0.425000 0.834028 0.581481
178 personsleep 0.958788 0.225694 0.533333 0.566667 0.244444
178 wheelchair 0.998077 0.620139 0.458333 0.377083 0.550000
178 bed 0.995945 0.127083 0.429630 0.834028 0.574074
195 personsleep 0.956128 0.232639 0.530556 0.550000 0.250000
195 wheelchair 0.997982 0.622222 0.453704 0.375000 0.554630
195 bed 0.996646 0.125000 0.427778 0.838889 0.574074
207 personsleep 0.954236 0.230556 0.528704 0.557639 0.251852
207 wheelchair 0.998223 0.620139 0.453704 0.377083 0.554630
207 bed 0.996169 0.125000 0.425000 0.838889 0.581481
229 person 0.927253 0.261806 0.482407 0.487500 0.333333
229 wheelchair 0.996816 0.617361 0.453704 0.379167 0.552778
229 bed 0.994803 0.112500 0.456481 0.865278 0.537963
250 person 0.977480 0.250000 0.473148 0.495139 0.360185
250 wheelchair 0.996965 0.617361 0.453704 0.379167 0.550000
250 bed 0.995221 0.086111 0.461111 0.915278 0.523148
261 person 0.973061 0.247222 0.470370 0.526389 0.350926
261 wheelchair 0.996736 0.615278 0.453704 0.381944 0.552778
261 bed 0.994518 0.088889 0.477778 0.910417 0.500000
269 person 0.976538 0.237500 0.468519 0.538194 0.362963
269 wheelchair 0.997377 0.615278 0.453704 0.384028 0.550000
269 bed 0.995208 0.088889 0.477778 0.913194 0.500000
293 person 0.905265 0.261806 0.391667 0.526389 0.468519
293 wheelchair 0.996988 0.602778 0.465741 0.398611 0.530556
293 bed 0.992170 0.086111 0.458333 0.910417 0.540741
298 person 0.923303 0.250000 0.396296 0.521528 0.410185
298 wheelchair 0.997110 0.605556 0.461111 0.393750 0.537963
298 bed 0.992408 0.086111 0.441667 0.913194 0.566667
299 person 0.938058 0.252083 0.393519 0.513889 0.412963
299 wheelchair 0.996769 0.602778 0.458333 0.398611 0.540741
299 bed 0.992456 0.088889 0.439815 0.906250 0.566667
304 person 0.960439 0.259028 0.376852 0.502083 0.437037
304 wheelchair 0.997066 0.605556 0.453704 0.393750 0.542593
304 bed 0.989696 0.090972 0.427778 0.901389 0.588889
305 person 0.963046 0.256944 0.376852 0.502083 0.441667
305 wheelchair 0.997045 0.605556 0.453704 0.393750 0.542593
305 bed 0.989336 0.088889 0.425000 0.906250 0.590741
313 person 0.922588 0.266667 0.362963 0.509028 0.446296
313 wheelchair 0.996354 0.605556 0.451852 0.396528 0.545370
313 bed 0.990532 0.088889 0.422222 0.906250 0.588889
332 person 0.970590 0.329167 0.261111 0.441667 0.590741
332 wheelchair 0.996403 0.610417 0.458333 0.391667 0.535185
332 bed 0.968234 0.081250 0.425000 0.922917 0.574074
355 person 0.986871 0.372222 0.242593 0.396528 0.614815
355 wheelchair 0.996616 0.607639 0.456481 0.393750 0.537963
355 bed 0.980195 0.084028 0.425000 0.920139 0.574074
373 person 0.923119 0.459028 0.208333 0.321528 0.675000
373 wheelchair 0.996541 0.617361 0.456481 0.384028 0.533333
373 bed 0.987248 0.081250 0.422222 0.927778 0.566667
392 person 0.997062 0.477778 0.230556 0.312500 0.646296
392 wheelchair 0.996924 0.620139 0.461111 0.386806 0.525926
392 bed 0.992437 0.066667 0.420370 0.954167 0.583333
393 person 0.997156 0.477778 0.232407 0.312500 0.643519
393 wheelchair 0.996865 0.617361 0.458333 0.386806 0.528704
393 bed 0.992110 0.066667 0.420370 0.956250 0.583333
405 person 0.996139 0.477778 0.227778 0.307639 0.653704
405 wheelchair 0.996897 0.617361 0.461111 0.386806 0.525926
405 bed 0.991161 0.069444 0.425000 0.954167 0.578704
411 person 0.996438 0.477778 0.225926 0.309722 0.655556
411 wheelchair 0.997180 0.617361 0.461111 0.388889 0.525926
411 bed 0.991182 0.071528 0.420370 0.949306 0.581481
418 person 0.995948 0.475694 0.225926 0.309722 0.658333
418 wheelchair 0.997024 0.617361 0.461111 0.386806 0.525926
418 bed 0.990786 0.069444 0.420370 0.951389 0.583333
429 person 0.995535 0.475694 0.223148 0.309722 0.660185
429 wheelchair 0.997077 0.617361 0.461111 0.386806 0.523148
429 bed 0.989759 0.071528 0.425000 0.949306 0.576852
434 person 0.995270 0.475694 0.225926 0.307639 0.658333
434 wheelchair 0.997060 0.617361 0.461111 0.386806 0.523148
434 bed 0.990196 0.071528 0.422222 0.949306 0.578704
445 person 0.994025 0.475694 0.208333 0.304861 0.684259
445 wheelchair 0.997301 0.617361 0.463889 0.388889 0.521296
445 bed 0.991106 0.074306 0.422222 0.939583 0.576852
467 person 0.879944 0.422917 0.251852 0.360417 0.552778
467 wheelchair 0.997376 0.607639 0.461111 0.401389 0.523148
467 bed 0.994191 0.069444 0.429630 0.956250 0.562037
483 person 0.973590 0.362500 0.254630 0.439583 0.547222
483 wheelchair 0.997364 0.615278 0.463889 0.388889 0.525926
483 bed 0.992345 0.071528 0.427778 0.949306 0.562037
485 person 0.973624 0.352778 0.256481 0.451389 0.540741
485 wheelchair 0.997482 0.615278 0.468519 0.386806 0.518519
485 bed 0.992281 0.076389 0.432407 0.941667 0.554630
486 person 0.958360 0.345833 0.259259 0.461111 0.540741
486 wheelchair 0.997239 0.617361 0.465741 0.386806 0.521296
486 bed 0.991524 0.079167 0.437037 0.934722 0.552778
495 person 0.973804 0.345833 0.259259 0.434722 0.574074
495 wheelchair 0.997060 0.615278 0.461111 0.384028 0.525926
495 bed 0.986824 0.088889 0.434259 0.910417 0.547222
511 person 0.984563 0.347917 0.259259 0.427778 0.598148
511 wheelchair 0.997574 0.612500 0.456481 0.386806 0.535185
511 bed 0.989484 0.090972 0.429630 0.908333 0.564815
519 person 0.981502 0.347917 0.250000 0.425000 0.605556
519 wheelchair 0.997523 0.610417 0.458333 0.388889 0.530556
519 bed 0.987700 0.095833 0.432407 0.898611 0.564815
534 person 0.947586 0.281250 0.350926 0.472917 0.463889
534 wheelchair 0.996281 0.615278 0.456481 0.379167 0.540741
534 bed 0.990286 0.088889 0.410185 0.906250 0.605556
557 personsleep 0.707022 0.215972 0.475926 0.597917 0.328704
557 person 0.380724 0.218750 0.489815 0.574306 0.326852
557 wheelchair 0.997020 0.622222 0.456481 0.370139 0.540741
557 bed 0.995899 0.105556 0.439815 0.879167 0.559259
582 person 0.823469 0.220833 0.465741 0.590972 0.350926
582 wheelchair 0.997913 0.625000 0.451852 0.372222 0.552778
582 bed 0.995738 0.107639 0.441667 0.875000 0.552778
593 personsleep 0.872598 0.235417 0.523148 0.550000 0.268519
593 person 0.467019 0.206250 0.500000 0.620139 0.328704
593 wheelchair 0.997827 0.625000 0.451852 0.370139 0.550000
593 bed 0.996548 0.107639 0.434259 0.872222 0.564815
601 personsleep 0.753313 0.240278 0.523148 0.543056 0.271296
601 person 0.497311 0.211111 0.500000 0.610417 0.331481
601 wheelchair 0.997485 0.627083 0.453704 0.362500 0.545370
601 bed 0.996640 0.105556 0.441667 0.881944 0.557407
605 personsleep 0.789975 0.235417 0.528704 0.564583 0.271296
605 person 0.391704 0.218750 0.497222 0.605556 0.338889
605 wheelchair 0.997566 0.629167 0.456481 0.362500 0.537963
605 bed 0.995840 0.110417 0.441667 0.872222 0.554630
612 personsleep 0.840664 0.230556 0.530556 0.571528 0.263889
612 person 0.303045 0.209028 0.497222 0.625000 0.336111
612 wheelchair 0.997570 0.625000 0.463889 0.372222 0.535185
612 bed 0.997204 0.095833 0.451852 0.898611 0.547222
622 personsleep 0.877232 0.232639 0.528704 0.569444 0.266667
622 person 0.251031 0.211111 0.497222 0.620139 0.338889
622 wheelchair 0.998028 0.625000 0.461111 0.367361 0.537963
622 bed 0.996503 0.100694 0.439815 0.886806 0.562037
639 person 0.840481 0.250000 0.497222 0.513889 0.324074
639 wheelchair 0.997600 0.625000 0.458333 0.370139 0.535185
639 bed 0.994976 0.097917 0.451852 0.891667 0.545370
660 person 0.925613 0.242361 0.465741 0.547917 0.369444
660 wheelchair 0.997582 0.617361 0.461111 0.379167 0.530556
660 bed 0.990667 0.090972 0.485185 0.908333 0.485185
674 person 0.931113 0.247222 0.458333 0.535417 0.381481
674 wheelchair 0.997739 0.617361 0.458333 0.379167 0.535185
674 bed 0.994742 0.097917 0.473148 0.896528 0.501852
698 person 0.860570 0.254167 0.415741 0.531250 0.427778
698 wheelchair 0.997244 0.612500 0.451852 0.381944 0.550000
698 bed 0.994973 0.090972 0.449074 0.903472 0.554630
711 person 0.916685 0.285417 0.357407 0.518750 0.473148
711 wheelchair 0.996811 0.610417 0.449074 0.388889 0.550000
711 bed 0.990988 0.090972 0.429630 0.903472 0.576852
733 person 0.986816 0.345833 0.259259 0.427778 0.605556
733 wheelchair 0.995857 0.610417 0.444444 0.386806 0.550000
733 bed 0.959758 0.084028 0.417593 0.918056 0.583333
753 person 0.991334 0.381944 0.304630 0.398611 0.537963
753 wheelchair 0.996569 0.615278 0.461111 0.381944 0.528704
753 bed 0.987015 0.088889 0.437037 0.910417 0.562037
770 person 0.915755 0.454167 0.187037 0.334028 0.715741
770 wheelchair 0.996835 0.615278 0.458333 0.388889 0.528704
770 bed 0.986776 0.086111 0.417593 0.918056 0.578704
791 person 0.965933 0.463889 0.189815 0.326389 0.670370
791 wheelchair 0.996080 0.620139 0.453704 0.377083 0.537963
791 bed 0.985469 0.093750 0.405556 0.903472 0.600926
810 person 0.927288 0.439583 0.206481 0.367361 0.638889
810 wheelchair 0.996245 0.612500 0.456481 0.391667 0.530556
810 bed 0.987390 0.076389 0.422222 0.939583 0.569444
827 person 0.925682 0.420139 0.175000 0.362500 0.694444
827 wheelchair 0.996422 0.615278 0.456481 0.388889 0.530556
827 bed 0.986763 0.079167 0.429630 0.937500 0.559259
850 person 0.961611 0.396528 0.259259 0.396528 0.537963
850 wheelchair 0.995839 0.615278 0.458333 0.384028 0.530556
850 bed 0.988115 0.081250 0.439815 0.929861 0.545370
871 person 0.920300 0.266667 0.412963 0.516667 0.429630
871 wheelchair 0.997703 0.620139 0.465741 0.375000 0.525926
871 bed 0.990426 0.115278 0.449074 0.855556 0.547222
873 person 0.931076 0.254167 0.412963 0.531250 0.429630
873 wheelchair 0.997427 0.617361 0.465741 0.375000 0.528704
873 bed 0.992386 0.110417 0.446296 0.865278 0.552778
883 person 0.956214 0.273611 0.458333 0.465972 0.372222
883 wheelchair 0.997567 0.620139 0.458333 0.377083 0.540741
883 bed 0.995461 0.105556 0.446296 0.879167 0.550000
894 person 0.925358 0.259028 0.470370 0.485417 0.357407
894 wheelchair 0.997149 0.620139 0.458333 0.375000 0.540741
894 bed 0.995318 0.100694 0.446296 0.886806 0.552778
903 person 0.942272 0.263889 0.461111 0.482639 0.372222
903 wheelchair 0.996964 0.620139 0.458333 0.375000 0.537963
903 bed 0.994484 0.107639 0.449074 0.875000 0.542593
906 personsleep 0.391667 0.227778 0.458333 0.579167 0.360185
906 person 0.891565 0.263889 0.458333 0.492361 0.376852
906 wheelchair 0.996939 0.620139 0.458333 0.372222 0.540741
906 bed 0.994685 0.110417 0.441667 0.867361 0.552778
911 person 0.954907 0.247222 0.451852 0.516667 0.386111
911 wheelchair 0.997436 0.615278 0.461111 0.379167 0.535185
911 bed 0.994749 0.100694 0.470370 0.886806 0.513889
915 person 0.930278 0.252083 0.449074 0.521528 0.384259
915 wheelchair 0.997115 0.615278 0.463889 0.381944 0.533333
915 bed 0.994302 0.102778 0.480556 0.884028 0.500000
922 person 0.952119 0.250000 0.456481 0.521528 0.374074
922 wheelchair 0.996848 0.615278 0.463889 0.381944 0.528704
922 bed 0.991747 0.097917 0.487963 0.893750 0.482407
929 person 0.959980 0.245139 0.458333 0.513889 0.374074
929 wheelchair 0.996737 0.615278 0.461111 0.381944 0.533333
929 bed 0.992403 0.093750 0.477778 0.898611 0.494444
944 person 0.970618 0.235417 0.461111 0.528472 0.376852
944 wheelchair 0.996976 0.615278 0.465741 0.379167 0.528704
944 bed 0.992108 0.090972 0.470370 0.906250 0.500000
955 person 0.973480 0.227778 0.461111 0.540278 0.376852
955 wheelchair 0.997342 0.617361 0.458333 0.379167 0.535185
955 bed 0.993302 0.088889 0.470370 0.910417 0.500000
979 person 0.958132 0.250000 0.477778 0.504167 0.364815
979 wheelchair 0.996641 0.615278 0.461111 0.381944 0.537963
979 bed 0.992200 0.090972 0.453704 0.906250 0.530556
982 person 0.963044 0.254167 0.456481 0.504167 0.396296
982 wheelchair 0.997059 0.612500 0.463889 0.384028 0.530556
982 bed 0.993407 0.093750 0.461111 0.901389 0.523148
987 person 0.955645 0.247222 0.412963 0.545139 0.439815
987 wheelchair 0.997176 0.605556 0.463889 0.393750 0.528704
987 bed 0.994148 0.093750 0.465741 0.903472 0.525926
1001 person 0.919771 0.254167 0.384259 0.526389 0.422222
1001 wheelchair 0.996994 0.605556 0.458333 0.391667 0.540741
1001 bed 0.990961 0.093750 0.432407 0.896528 0.583333
1011 person 0.962306 0.245139 0.362963 0.538194 0.449074
1011 wheelchair 0.996945 0.602778 0.453704 0.393750 0.542593
1011 bed 0.989972 0.079167 0.427778 0.925000 0.593518
1034 person 0.988679 0.340972 0.261111 0.437500 0.593518
1034 wheelchair 0.996008 0.607639 0.451852 0.396528 0.542593
1034 bed 0.949935 0.088889 0.422222 0.906250 0.578704
1042 person 0.983904 0.365278 0.244444 0.403472 0.610185
1042 wheelchair 0.995516 0.612500 0.453704 0.388889 0.537963
1042 bed 0.974042 0.093750 0.432407 0.901389 0.569444
1052 person 0.939767 0.388889 0.211111 0.410417 0.634259
1052 wheelchair 0.997275 0.607639 0.456481 0.393750 0.533333
1052 bed 0.987564 0.095833 0.420370 0.901389 0.576852
1061 person 0.961155 0.410417 0.182407 0.377083 0.677778
1061 wheelchair 0.997480 0.605556 0.446296 0.401389 0.547222
1061 bed 0.991162 0.097917 0.398148 0.896528 0.607407
1079 person 0.946744 0.427778 0.182407 0.350694 0.665741
1079 wheelchair 0.996433 0.610417 0.458333 0.393750 0.525926
1079 bed 0.989887 0.081250 0.427778 0.927778 0.564815
1087 person 0.961999 0.432639 0.179630 0.340972 0.677778
1087 wheelchair 0.996656 0.610417 0.461111 0.393750 0.525926
1087 bed 0.992297 0.079167 0.427778 0.932639 0.562037
1106 person 0.966583 0.429861 0.177778 0.340972 0.684259
1106 wheelchair 0.996725 0.612500 0.458333 0.388889 0.525926
1106 bed 0.990217 0.086111 0.429630 0.922917 0.559259
1120 person 0.981173 0.427778 0.182407 0.347917 0.677778
1120 wheelchair 0.996498 0.615278 0.458333 0.388889 0.528704
1120 bed 0.989682 0.084028 0.427778 0.925000 0.562037
1133 person 0.966589 0.386806 0.266667 0.391667 0.521296
1133 wheelchair 0.996006 0.612500 0.456481 0.386806 0.533333
1133 bed 0.989634 0.090972 0.429630 0.910417 0.562037
1151 person 0.863145 0.278472 0.348148 0.495139 0.449074
1151 wheelchair 0.996772 0.612500 0.453704 0.384028 0.542593
1151 bed 0.990486 0.107639 0.429630 0.870139 0.576852
1162 person 0.920921 0.268750 0.417593 0.504167 0.420370
1162 wheelchair 0.997166 0.612500 0.468519 0.381944 0.523148
1162 bed 0.993689 0.112500 0.444444 0.862500 0.554630
1182 person 0.940728 0.263889 0.451852 0.482639 0.384259
1182 wheelchair 0.997286 0.617361 0.458333 0.377083 0.537963
1182 bed 0.995132 0.107639 0.446296 0.872222 0.545370
1201 person 0.936942 0.263889 0.458333 0.480556 0.374074
1201 wheelchair 0.997110 0.617361 0.458333 0.375000 0.535185
1201 bed 0.996044 0.105556 0.441667 0.877083 0.550000
1205 person 0.929443 0.263889 0.463889 0.482639 0.367593
1205 wheelchair 0.997304 0.617361 0.461111 0.377083 0.535185
1205 bed 0.996263 0.105556 0.441667 0.879167 0.552778
1219 person 0.943694 0.266667 0.458333 0.475694 0.374074
1219 wheelchair 0.996784 0.620139 0.461111 0.372222 0.535185
1219 bed 0.996151 0.107639 0.449074 0.872222 0.542593
1222 person 0.940667 0.266667 0.453704 0.477778 0.379630
1222 wheelchair 0.996659 0.620139 0.458333 0.375000 0.535185
1222 bed 0.995987 0.107639 0.446296 0.875000 0.542593
1234 person 0.929126 0.252083 0.425000 0.535417 0.410185
1234 wheelchair 0.996917 0.615278 0.463889 0.381944 0.530556
1234 bed 0.994670 0.117361 0.449074 0.855556 0.545370
1240 person 0.902594 0.266667 0.403704 0.492361 0.400926
1240 wheelchair 0.997223 0.610417 0.461111 0.384028 0.533333
1240 bed 0.995094 0.115278 0.437037 0.857639 0.564815
1245 person 0.910651 0.261806 0.374074 0.509028 0.429630
1245 wheelchair 0.996897 0.610417 0.456481 0.381944 0.537963
1245 bed 0.988413 0.102778 0.425000 0.879167 0.586111
1253 person 0.979282 0.340972 0.297222 0.429861 0.528704
1253 wheelchair 0.996643 0.610417 0.451852 0.384028 0.542593
1253 bed 0.982508 0.102778 0.417593 0.884028 0.586111
1271 person 0.961490 0.372222 0.239815 0.391667 0.607407
1271 wheelchair 0.997107 0.612500 0.451852 0.388889 0.545370
1271 bed 0.974725 0.100694 0.412963 0.881944 0.586111
1285 person 0.934422 0.365278 0.239815 0.393750 0.610185
1285 wheelchair 0.997786 0.605556 0.456481 0.396528 0.533333
1285 bed 0.978703 0.105556 0.403704 0.877083 0.598148
1299 person 0.919588 0.338889 0.287963 0.377083 0.530556
1299 wheelchair 0.997027 0.593750 0.458333 0.415278 0.533333
1299 bed 0.971007 0.105556 0.396296 0.875000 0.614815
