0 bed 0.943676 0.047917 0.000000 0.893750 1.158333
3 bed 0.950269 0.069444 0.000000 0.852778 1.179630
21 bed 0.975130 0.035417 0.000000 0.932639 1.110185
36 person 0.973542 0.550000 0.122222 0.312500 0.602778
36 bed 0.208591 0.516667 0.107407 0.386806 0.629630
36 wheelchair 0.945303 0.526389 0.300000 0.350694 0.554630
37 person 0.980676 0.552778 0.119444 0.307639 0.600926
37 wheelchair 0.934850 0.526389 0.314815 0.347917 0.525926
37 crane 0.976862 0.276389 0.023148 0.259028 0.590741
38 person 0.979806 0.552778 0.129630 0.312500 0.586111
38 bed 0.297652 0.612500 0.114815 0.372222 0.571296
38 wheelchair 0.931953 0.526389 0.309259 0.352778 0.533333
38 crane 0.973881 0.268750 0.023148 0.273611 0.593518
55 person 0.978803 0.554861 0.129630 0.312500 0.588889
55 bed 0.510220 0.584028 0.112963 0.393750 0.578704
55 wheelchair 0.948132 0.528472 0.304630 0.350694 0.537963
55 crane 0.983066 0.273611 0.028704 0.263889 0.588889
72 person 0.985082 0.552778 0.057407 0.237500 0.773148
72 bed 0.803216 0.607639 0.141667 0.375000 0.516667
72 wheelchair 0.932361 0.526389 0.314815 0.350694 0.528704
72 crane 0.985664 0.247222 0.021296 0.307639 0.595370
85 person 0.987740 0.543056 0.066667 0.245139 0.756481
85 wheelchair 0.924940 0.523611 0.309259 0.355556 0.535185
85 bed 0.760277 0.588889 0.141667 0.386806 0.518519
85 crane 0.985552 0.276389 0.030556 0.256944 0.583333
90 person 0.985492 0.528472 0.110185 0.271528 0.660185
90 bed 0.796336 0.588889 0.141667 0.388889 0.518519
90 wheelchair 0.896043 0.521528 0.307407 0.357639 0.537963
90 crane 0.985809 0.276389 0.028704 0.259028 0.583333
112 person 0.979233 0.509028 0.148148 0.271528 0.672222
112 wheelchair 0.964642 0.547917 0.295370 0.321528 0.550000
112 bed 0.966106 0.595833 0.175000 0.377083 0.439815
112 crane 0.982583 0.278472 0.018519 0.250000 0.593518
130 person 0.952978 0.509028 0.134259 0.227778 0.684259
130 bed 0.952281 0.574306 0.177778 0.406250 0.439815
130 wheelchair 0.970931 0.550000 0.297222 0.319444 0.550000
130 crane 0.986118 0.242361 0.028704 0.307639 0.571296
132 person 0.952841 0.506944 0.131481 0.235417 0.687037
132 bed 0.959194 0.579167 0.179630 0.401389 0.434259
132 wheelchair 0.964696 0.545139 0.297222 0.324306 0.547222
132 crane 0.984630 0.242361 0.028704 0.307639 0.569444
147 person 0.940085 0.506944 0.069444 0.237500 0.797222
147 bed 0.965913 0.586111 0.175000 0.393750 0.446296
147 wheelchair 0.975828 0.552778 0.297222 0.316667 0.547222
147 crane 0.986021 0.242361 0.035185 0.312500 0.559259
170 person 0.882084 0.477778 0.069444 0.252083 0.800000
170 wheelchair 0.980916 0.557639 0.297222 0.309722 0.547222
170 bed 0.977433 0.588889 0.177778 0.388889 0.441667
170 crane 0.986452 0.245139 0.033333 0.304861 0.562037
179 person 0.883927 0.477778 0.078704 0.250000 0.778704
179 wheelchair 0.968986 0.545139 0.300000 0.319444 0.547222
179 bed 0.974223 0.588889 0.179630 0.386806 0.437037
179 crane 0.983403 0.245139 0.030556 0.300000 0.564815
198 person 0.966041 0.497222 0.074074 0.252083 0.785185
198 bed 0.956257 0.593750 0.177778 0.379167 0.437037
198 wheelchair 0.929347 0.533333 0.302778 0.338889 0.545370
198 crane 0.980756 0.245139 0.023148 0.300000 0.581481
205 person 0.968152 0.502083 0.069444 0.247222 0.797222
205 bed 0.957641 0.593750 0.175000 0.379167 0.439815
205 wheelchair 0.886653 0.500000 0.290741 0.360417 0.554630
205 crane 0.981925 0.242361 0.018519 0.307639 0.590741
227 person 0.951795 0.470833 0.146296 0.245139 0.665741
227 wheelchair 0.970432 0.543056 0.297222 0.329167 0.550000
227 bed 0.953689 0.566667 0.177778 0.418056 0.444444
227 crane 0.984646 0.240278 0.028704 0.314583 0.571296
243 person 0.989018 0.429861 0.177778 0.268750 0.658333
243 wheelchair 0.972293 0.547917 0.297222 0.326389 0.547222
243 bed 0.986288 0.528472 0.167593 0.434722 0.477778
243 crane 0.977651 0.261806 0.021296 0.252083 0.590741
261 person 0.976264 0.391667 0.220370 0.240278 0.653704
261 bed 0.986350 0.521528 0.206481 0.500000 0.400926
261 wheelchair 0.960813 0.533333 0.302778 0.350694 0.550000
261 crane 0.988235 0.266667 0.028704 0.209028 0.586111
271 person 0.978363 0.350694 0.271296 0.230556 0.600926
271 wheelchair 0.952597 0.523611 0.324074 0.357639 0.521296
271 bed 0.991040 0.535417 0.213889 0.475694 0.388889
271 crane 0.962628 0.254167 0.028704 0.199306 0.617593
282 person 0.995719 0.254167 0.417593 0.293056 0.441667
282 crane 0.959985 0.268750 0.045370 0.271528 0.470370
282 bed 0.986661 0.528472 0.213889 0.485417 0.386111
282 wheelchair 0.976125 0.523611 0.324074 0.355556 0.525926
290 person 0.995749 0.189583 0.439815 0.350694 0.410185
290 crane 0.984909 0.276389 0.042593 0.256944 0.492593
290 bed 0.990061 0.531250 0.215741 0.482639 0.376852
290 wheelchair 0.977427 0.521528 0.319444 0.352778 0.535185
308 person 0.986549 0.163194 0.485185 0.355556 0.379630
308 bed 0.988640 0.531250 0.211111 0.480556 0.384259
308 crane 0.981355 0.252083 0.035185 0.295139 0.557407
308 wheelchair 0.970429 0.487500 0.331481 0.388889 0.506481
315 person 0.982375 0.158333 0.492593 0.362500 0.374074
315 crane 0.982581 0.250000 0.037963 0.297917 0.552778
315 bed 0.988331 0.528472 0.211111 0.485417 0.384259
315 wheelchair 0.970114 0.490278 0.328704 0.386806 0.506481
321 person 0.982871 0.158333 0.487963 0.360417 0.379630
321 bed 0.989322 0.531250 0.211111 0.482639 0.384259
321 crane 0.982247 0.250000 0.035185 0.295139 0.554630
321 wheelchair 0.975914 0.487500 0.331481 0.388889 0.504630
322 person 0.983035 0.158333 0.487963 0.365278 0.379630
322 bed 0.989916 0.533333 0.211111 0.477778 0.384259
322 crane 0.982935 0.247222 0.035185 0.297917 0.554630
322 wheelchair 0.976397 0.487500 0.331481 0.388889 0.504630
332 person 0.988847 0.151389 0.487963 0.372222 0.376852
332 crane 0.979956 0.252083 0.037963 0.290278 0.552778
332 bed 0.991189 0.531250 0.213889 0.482639 0.384259
332 wheelchair 0.969633 0.490278 0.333333 0.384028 0.500000
349 person 0.993170 0.187500 0.468519 0.347917 0.388889
349 bed 0.990716 0.531250 0.213889 0.482639 0.381481
349 crane 0.963701 0.252083 0.040741 0.290278 0.540741
349 wheelchair 0.961647 0.513889 0.328704 0.365278 0.516667
367 person 0.992410 0.254167 0.446296 0.278472 0.425000
367 crane 0.982224 0.250000 0.030556 0.307639 0.521296
367 bed 0.989101 0.531250 0.211111 0.480556 0.381481
367 wheelchair 0.962770 0.513889 0.326852 0.367361 0.521296
382 person 0.995785 0.266667 0.405556 0.283333 0.475926
382 crane 0.960335 0.259028 0.047222 0.293056 0.475926
382 bed 0.989578 0.533333 0.208333 0.477778 0.386111
382 wheelchair 0.971700 0.516667 0.324074 0.360417 0.523148
398 person 0.922518 0.309722 0.352778 0.319444 0.535185
398 crane 0.826165 0.240278 0.018519 0.312500 0.593518
398 bed 0.986422 0.528472 0.208333 0.485417 0.388889
398 wheelchair 0.969059 0.531250 0.324074 0.340972 0.521296
399 person 0.934436 0.314583 0.316667 0.309722 0.576852
399 bed 0.986247 0.528472 0.208333 0.485417 0.386111
399 crane 0.863285 0.256944 0.016667 0.225694 0.626852
399 wheelchair 0.969711 0.533333 0.324074 0.336111 0.521296
407 person 0.990046 0.362500 0.235185 0.252083 0.650926
407 wheelchair 0.959754 0.531250 0.328704 0.343750 0.509259
407 bed 0.987531 0.535417 0.211111 0.475694 0.386111
407 crane 0.976298 0.261806 0.018519 0.184722 0.619444
410 person 0.957789 0.372222 0.196296 0.235417 0.701852
410 wheelchair 0.963609 0.528472 0.324074 0.343750 0.521296
410 bed 0.980711 0.535417 0.208333 0.475694 0.388889
410 crane 0.968994 0.261806 0.011111 0.177778 0.626852
413 person 0.959715 0.379167 0.148148 0.232639 0.730556
413 wheelchair 0.972326 0.538194 0.312037 0.334028 0.533333
413 bed 0.982683 0.533333 0.203704 0.477778 0.398148
413 crane 0.966847 0.263889 0.011111 0.182639 0.619444
433 person 0.923083 0.432639 0.112963 0.252083 0.730556
433 bed 0.976735 0.528472 0.162963 0.439583 0.487963
433 wheelchair 0.967016 0.554861 0.290741 0.319444 0.559259
433 crane 0.974603 0.256944 0.040741 0.263889 0.554630
440 person 0.973562 0.454167 0.122222 0.242361 0.713889
440 wheelchair 0.887941 0.543056 0.235185 0.312500 0.648148
440 bed 0.957068 0.574306 0.179630 0.408333 0.437037
440 crane 0.981527 0.254167 0.028704 0.276389 0.586111
443 person 0.975417 0.461111 0.126852 0.245139 0.718518
443 wheelchair 0.936716 0.545139 0.239815 0.314583 0.638889
443 bed 0.955919 0.531250 0.179630 0.444444 0.461111
443 crane 0.982525 0.256944 0.023148 0.268750 0.590741
461 person 0.975059 0.531250 0.117593 0.256944 0.641667
461 bed 0.952708 0.579167 0.182407 0.410417 0.444444
461 wheelchair 0.854316 0.531250 0.278704 0.340972 0.588889
461 crane 0.984804 0.278472 0.028704 0.252083 0.583333
468 person 0.955747 0.564583 0.037963 0.230556 0.809259
468 bed 0.847606 0.607639 0.143519 0.377083 0.513889
468 wheelchair 0.930714 0.531250 0.292593 0.343750 0.571296
468 crane 0.986779 0.281250 0.030556 0.250000 0.581481
486 person 0.980112 0.552778 0.016667 0.245139 0.836111
486 wheelchair 0.941478 0.531250 0.283333 0.340972 0.588889
486 bed 0.716752 0.617361 0.136111 0.367361 0.530556
486 crane 0.988711 0.281250 0.030556 0.250000 0.576852
499 person 0.987385 0.554861 0.025926 0.237500 0.828704
499 bed 0.725712 0.617361 0.134259 0.367361 0.533333
499 wheelchair 0.924276 0.528472 0.295370 0.343750 0.564815
499 crane 0.986562 0.278472 0.030556 0.247222 0.581481
511 person 0.971933 0.559722 0.122222 0.300000 0.602778
511 wheelchair 0.942615 0.533333 0.280556 0.340972 0.576852
511 bed 0.672982 0.615278 0.126852 0.377083 0.547222
511 crane 0.987122 0.278472 0.028704 0.250000 0.583333
535 person 0.968399 0.562500 0.122222 0.295139 0.600926
535 wheelchair 0.935592 0.531250 0.290741 0.343750 0.564815
535 bed 0.686372 0.617361 0.125000 0.372222 0.547222
535 crane 0.987701 0.281250 0.030556 0.247222 0.581481
547 person 0.971145 0.547917 0.011111 0.259028 0.855556
547 wheelchair 0.940859 0.531250 0.290741 0.345833 0.564815
547 bed 0.632373 0.622222 0.125000 0.367361 0.550000
547 crane 0.987221 0.278472 0.033333 0.250000 0.576852
565 person 0.974624 0.557639 0.125000 0.302778 0.598148
565 wheelchair 0.932621 0.528472 0.300000 0.347917 0.554630
565 bed 0.541482 0.617361 0.122222 0.365278 0.559259
565 crane 0.987390 0.281250 0.030556 0.247222 0.578704
580 person 0.988781 0.545139 0.064815 0.252083 0.756481
580 wheelchair 0.933033 0.528472 0.287963 0.347917 0.574074
580 bed 0.747490 0.607639 0.143519 0.372222 0.516667
580 crane 0.987160 0.276389 0.030556 0.250000 0.578704
601 person 0.964015 0.535417 0.050000 0.194444 0.833333
601 bed 0.968261 0.595833 0.177778 0.372222 0.441667
601 wheelchair 0.955668 0.550000 0.300000 0.314583 0.550000
601 crane 0.982665 0.245139 0.021296 0.304861 0.590741
624 person 0.986328 0.521528 0.105556 0.218750 0.735185
624 bed 0.961539 0.595833 0.179630 0.375000 0.429630
624 wheelchair 0.967309 0.557639 0.312037 0.302778 0.533333
624 crane 0.982520 0.250000 0.021296 0.293056 0.588889
627 person 0.985025 0.526389 0.093519 0.211111 0.756481
627 bed 0.964828 0.597917 0.182407 0.370139 0.429630
627 wheelchair 0.965600 0.557639 0.312037 0.300000 0.533333
627 crane 0.982014 0.247222 0.018519 0.295139 0.593518
640 person 0.981504 0.523611 0.071296 0.215972 0.792593
640 wheelchair 0.960494 0.554861 0.309259 0.307639 0.535185
640 bed 0.963323 0.602778 0.177778 0.365278 0.437037
640 crane 0.983906 0.245139 0.018519 0.302778 0.590741
661 person 0.947206 0.509028 0.069444 0.227778 0.756481
661 wheelchair 0.947439 0.540278 0.292593 0.329167 0.562037
661 bed 0.963392 0.600694 0.172222 0.370139 0.449074
661 crane 0.983426 0.247222 0.025926 0.300000 0.574074
665 person 0.942958 0.502083 0.125000 0.278472 0.711111
665 wheelchair 0.952346 0.543056 0.287963 0.326389 0.566667
665 bed 0.958345 0.600694 0.170370 0.370139 0.449074
665 crane 0.983040 0.250000 0.028704 0.297917 0.574074
684 person 0.957167 0.523611 0.052778 0.215972 0.833333
684 wheelchair 0.950466 0.540278 0.304630 0.324306 0.547222
684 bed 0.969310 0.595833 0.175000 0.375000 0.441667
684 crane 0.986041 0.245139 0.025926 0.302778 0.576852
696 person 0.965300 0.518750 0.081481 0.211111 0.783333
696 bed 0.974222 0.590972 0.177778 0.386806 0.444444
696 wheelchair 0.979130 0.557639 0.300000 0.302778 0.547222
696 crane 0.988189 0.242361 0.025926 0.307639 0.578704
713 person 0.986230 0.449306 0.125000 0.252083 0.739815
713 bed 0.981437 0.586111 0.179630 0.391667 0.441667
713 wheelchair 0.987390 0.562500 0.300000 0.297917 0.550000
713 crane 0.986473 0.245139 0.025926 0.304861 0.581481
724 person 0.978275 0.446528 0.143519 0.250000 0.725926
724 bed 0.976086 0.569444 0.182407 0.413194 0.439815
724 wheelchair 0.988674 0.559722 0.307407 0.302778 0.540741
724 crane 0.985640 0.242361 0.028704 0.312500 0.574074
730 person 0.982069 0.441667 0.143519 0.245139 0.723148
730 bed 0.981504 0.528472 0.165741 0.439583 0.482407
730 wheelchair 0.981745 0.554861 0.297222 0.314583 0.552778
730 crane 0.986777 0.245139 0.030556 0.297917 0.574074
744 person 0.912813 0.408333 0.162963 0.273611 0.682407
744 wheelchair 0.968570 0.545139 0.292593 0.334028 0.557407
744 bed 0.983116 0.518750 0.179630 0.465972 0.458333
744 crane 0.971832 0.259028 0.035185 0.259028 0.562037
747 person 0.961324 0.396528 0.141667 0.254167 0.713889
747 bed 0.984833 0.531250 0.194444 0.485417 0.412963
747 wheelchair 0.965416 0.535417 0.307407 0.343750 0.542593
747 crane 0.959779 0.266667 0.028704 0.220833 0.578704
764 person 0.919389 0.384028 0.042593 0.184722 0.884259
764 wheelchair 0.970673 0.518750 0.333333 0.362500 0.506481
764 bed 0.985632 0.531250 0.203704 0.482639 0.400926
764 crane 0.944333 0.268750 0.000000 0.179861 0.662963
782 person 0.958711 0.218750 0.338889 0.360417 0.559259
782 crane 0.952281 0.278472 0.042593 0.256944 0.487963
782 bed 0.985308 0.531250 0.213889 0.482639 0.381481
782 wheelchair 0.970317 0.518750 0.324074 0.360417 0.525926
798 person 0.962889 0.129167 0.477778 0.388889 0.372222
798 bed 0.989510 0.531250 0.211111 0.480556 0.386111
798 crane 0.979149 0.252083 0.037963 0.293056 0.550000
798 wheelchair 0.959717 0.513889 0.328704 0.367361 0.516667
809 person 0.913875 0.093750 0.468519 0.403472 0.408333
809 crane 0.983642 0.247222 0.028704 0.297917 0.571296
809 bed 0.988913 0.531250 0.211111 0.482639 0.386111
809 wheelchair 0.965957 0.497222 0.328704 0.372222 0.501852
831 person 0.976528 0.153472 0.497222 0.355556 0.352778
831 crane 0.980577 0.252083 0.040741 0.288194 0.547222
831 bed 0.989178 0.528472 0.213889 0.485417 0.379630
831 wheelchair 0.961926 0.516667 0.324074 0.365278 0.528704
842 person 0.985447 0.125000 0.458333 0.398611 0.427778
842 crane 0.968418 0.254167 0.037963 0.285417 0.542593
842 bed 0.990365 0.531250 0.213889 0.480556 0.379630
842 wheelchair 0.957088 0.495139 0.333333 0.377083 0.500000
847 person 0.990759 0.165278 0.487963 0.345833 0.369444
847 crane 0.971589 0.242361 0.035185 0.316667 0.518519
847 bed 0.990877 0.533333 0.211111 0.480556 0.384259
847 wheelchair 0.958749 0.492361 0.333333 0.384028 0.501852
854 person 0.989551 0.187500 0.487963 0.347917 0.369444
854 bed 0.991004 0.531250 0.211111 0.480556 0.379630
854 crane 0.971057 0.245139 0.035185 0.314583 0.518519
854 wheelchair 0.968385 0.516667 0.324074 0.360417 0.525926
863 person 0.965074 0.213889 0.415741 0.355556 0.497222
863 crane 0.983898 0.250000 0.033333 0.304861 0.511111
863 bed 0.990743 0.533333 0.211111 0.480556 0.381481
863 wheelchair 0.974284 0.518750 0.328704 0.360417 0.518519
880 person 0.995968 0.273611 0.408333 0.288194 0.470370
880 crane 0.945539 0.259028 0.045370 0.288194 0.487963
880 bed 0.989671 0.531250 0.211111 0.482639 0.384259
880 wheelchair 0.977562 0.521528 0.324074 0.357639 0.528704
903 person 0.968804 0.340972 0.283333 0.250000 0.588889
903 wheelchair 0.967392 0.531250 0.326852 0.343750 0.518519
903 bed 0.986436 0.535417 0.211111 0.472917 0.384259
903 crane 0.932246 0.252083 0.040741 0.206250 0.595370
916 person 0.980799 0.388889 0.143519 0.240278 0.727778
916 wheelchair 0.978710 0.554861 0.304630 0.314583 0.550000
916 bed 0.990046 0.509028 0.187037 0.480556 0.441667
916 crane 0.980624 0.268750 0.033333 0.201389 0.566667
918 person 0.973862 0.384028 0.143519 0.259028 0.715741
918 bed 0.993099 0.504167 0.177778 0.475694 0.458333
918 wheelchair 0.968342 0.550000 0.297222 0.324306 0.557407
918 crane 0.962838 0.268750 0.030556 0.213889 0.571296
929 person 0.917419 0.446528 0.126852 0.252083 0.636111
929 bed 0.965996 0.531250 0.167593 0.439583 0.480556
929 wheelchair 0.937284 0.547917 0.239815 0.312500 0.638889
929 crane 0.979736 0.254167 0.035185 0.276389 0.571296
940 person 0.958313 0.472917 0.155556 0.240278 0.662963
940 bed 0.931434 0.571528 0.182407 0.413194 0.429630
940 wheelchair 0.942583 0.545139 0.242593 0.319444 0.631481
940 crane 0.983004 0.250000 0.023148 0.285417 0.583333
964 person 0.978479 0.566667 0.131481 0.285417 0.581481
964 bed 0.674449 0.612500 0.138889 0.372222 0.523148
964 wheelchair 0.939838 0.528472 0.295370 0.345833 0.571296
964 crane 0.986161 0.278472 0.033333 0.252083 0.576852
974 person 0.988305 0.571528 0.110185 0.271528 0.614815
974 bed 0.531369 0.622222 0.125000 0.367361 0.550000
974 wheelchair 0.939888 0.528472 0.292593 0.343750 0.571296
974 crane 0.987143 0.278472 0.030556 0.252083 0.576852
992 person 0.977468 0.571528 0.112963 0.266667 0.617593
992 bed 0.598814 0.627083 0.126852 0.365278 0.545370
992 wheelchair 0.939813 0.528472 0.292593 0.343750 0.566667
992 crane 0.985765 0.278472 0.028704 0.252083 0.578704
1008 person 0.975455 0.550000 0.025926 0.252083 0.814815
1008 bed 0.586481 0.625000 0.129630 0.357639 0.542593
1008 wheelchair 0.951057 0.535417 0.297222 0.334028 0.559259
1008 crane 0.984707 0.278472 0.028704 0.247222 0.581481
1031 person 0.976936 0.562500 0.114815 0.290278 0.612963
1031 wheelchair 0.955449 0.538194 0.307407 0.331250 0.540741
1031 bed 0.490272 0.622222 0.117593 0.360417 0.564815
1031 crane 0.984158 0.278472 0.025926 0.245139 0.581481
1046 person 0.982114 0.562500 0.114815 0.288194 0.610185
1046 bed 0.476821 0.620139 0.117593 0.365278 0.564815
1046 wheelchair 0.951315 0.535417 0.304630 0.334028 0.542593
1046 crane 0.985421 0.278472 0.025926 0.250000 0.586111
1058 person 0.976365 0.562500 0.122222 0.293056 0.602778
1058 wheelchair 0.952862 0.535417 0.297222 0.336111 0.554630
1058 bed 0.563923 0.620139 0.122222 0.367361 0.557407
1058 crane 0.986394 0.278472 0.025926 0.250000 0.588889
1078 person 0.982013 0.535417 0.088889 0.256944 0.715741
1078 wheelchair 0.896609 0.528472 0.304630 0.343750 0.545370
1078 bed 0.875847 0.581250 0.153704 0.398611 0.494444
1078 crane 0.986053 0.273611 0.025926 0.254167 0.586111
1084 person 0.957522 0.528472 0.122222 0.261806 0.643519
1084 bed 0.943692 0.579167 0.177778 0.410417 0.451852
1084 wheelchair 0.886729 0.531250 0.304630 0.338889 0.542593
1084 crane 0.987157 0.273611 0.028704 0.254167 0.583333
1094 person 0.941120 0.538194 0.047222 0.201389 0.797222
1094 wheelchair 0.959760 0.550000 0.292593 0.314583 0.557407
1094 bed 0.962065 0.602778 0.167593 0.370139 0.456481
1094 crane 0.982911 0.245139 0.021296 0.307639 0.588889
1096 person 0.953456 0.531250 0.062037 0.206250 0.773148
1096 wheelchair 0.966392 0.554861 0.287963 0.309722 0.564815
1096 bed 0.961068 0.569444 0.191667 0.422917 0.422222
1096 crane 0.982114 0.245139 0.023148 0.304861 0.586111
1109 person 0.976552 0.509028 0.143519 0.263889 0.679630
1109 bed 0.961224 0.571528 0.189815 0.420139 0.425000
1109 wheelchair 0.964247 0.552778 0.300000 0.312500 0.545370
1109 crane 0.982313 0.245139 0.021296 0.304861 0.590741
1120 person 0.967340 0.518750 0.078704 0.220833 0.775926
1120 bed 0.953720 0.595833 0.179630 0.375000 0.434259
1120 wheelchair 0.971636 0.554861 0.309259 0.304861 0.535185
1120 crane 0.980204 0.245139 0.018519 0.307639 0.593518
1127 person 0.941764 0.511806 0.050000 0.222917 0.833333
1127 wheelchair 0.972189 0.554861 0.309259 0.309722 0.537963
1127 bed 0.972055 0.597917 0.179630 0.372222 0.437037
1127 crane 0.982633 0.245139 0.021296 0.307639 0.586111
1128 person 0.955254 0.506944 0.064815 0.230556 0.807407
1128 wheelchair 0.975101 0.554861 0.312037 0.307639 0.535185
1128 bed 0.973817 0.597917 0.179630 0.375000 0.439815
1128 crane 0.982697 0.245139 0.023148 0.304861 0.581481
1138 person 0.935747 0.506944 0.071296 0.232639 0.797222
1138 wheelchair 0.965100 0.545139 0.297222 0.324306 0.547222
1138 bed 0.966266 0.588889 0.179630 0.386806 0.434259
1138 crane 0.983379 0.242361 0.023148 0.312500 0.578704
1152 person 0.964858 0.521528 0.125000 0.250000 0.631481
1152 wheelchair 0.915493 0.540278 0.278704 0.326389 0.578704
1152 bed 0.948041 0.588889 0.187037 0.388889 0.434259
1152 crane 0.982519 0.247222 0.025926 0.300000 0.578704
1175 person 0.901555 0.528472 0.107407 0.220833 0.655556
1175 wheelchair 0.938603 0.543056 0.295370 0.319444 0.559259
1175 bed 0.968974 0.605556 0.170370 0.360417 0.456481
1175 crane 0.982404 0.278472 0.025926 0.250000 0.583333
1191 person 0.972010 0.461111 0.125000 0.250000 0.703704
1191 wheelchair 0.974335 0.550000 0.309259 0.307639 0.525926
1191 bed 0.973894 0.593750 0.177778 0.379167 0.441667
1191 crane 0.986879 0.242361 0.030556 0.312500 0.569444
1200 person 0.979384 0.451389 0.138889 0.247222 0.725926
1200 wheelchair 0.985731 0.559722 0.300000 0.297917 0.545370
1200 bed 0.981792 0.584028 0.182407 0.393750 0.437037
1200 crane 0.985661 0.245139 0.023148 0.304861 0.586111
1207 person 0.979651 0.429861 0.167593 0.259028 0.687037
1207 bed 0.981014 0.528472 0.172222 0.444444 0.463889
1207 wheelchair 0.975372 0.550000 0.302778 0.316667 0.542593
1207 crane 0.985545 0.242361 0.025926 0.307639 0.578704
1218 person 0.838771 0.393750 0.211111 0.268750 0.610185
1218 bed 0.991241 0.518750 0.184259 0.465972 0.441667
1218 wheelchair 0.911848 0.533333 0.300000 0.340972 0.540741
1218 crane 0.959148 0.256944 0.025926 0.259028 0.581481
1223 person 0.876060 0.384028 0.208333 0.276389 0.625000
1223 bed 0.988678 0.516667 0.187037 0.477778 0.437037
1223 wheelchair 0.928849 0.495139 0.287963 0.370139 0.559259
1223 crane 0.987083 0.266667 0.035185 0.215972 0.562037
1242 person 0.971940 0.268750 0.364815 0.304861 0.477778
1242 bed 0.986893 0.531250 0.211111 0.480556 0.386111
1242 crane 0.631118 0.276389 0.054630 0.259028 0.470370
1242 wheelchair 0.984286 0.482639 0.324074 0.393750 0.518519
1261 person 0.984025 0.158333 0.500000 0.347917 0.352778
1261 crane 0.974470 0.252083 0.033333 0.293056 0.559259
1261 bed 0.988618 0.528472 0.213889 0.485417 0.379630
1261 wheelchair 0.961242 0.518750 0.326852 0.360417 0.523148
1265 person 0.958171 0.158333 0.506481 0.338889 0.333333
1265 crane 0.974996 0.252083 0.033333 0.293056 0.557407
1265 bed 0.987985 0.528472 0.211111 0.487500 0.384259
1265 wheelchair 0.961894 0.518750 0.324074 0.357639 0.523148
1267 person 0.951912 0.156250 0.504630 0.343750 0.333333
1267 crane 0.976678 0.250000 0.033333 0.295139 0.562037
1267 bed 0.988467 0.528472 0.213889 0.487500 0.381481
1267 wheelchair 0.953918 0.516667 0.326852 0.360417 0.518519
1280 person 0.930062 0.112500 0.470370 0.413194 0.400926
1280 crane 0.979814 0.247222 0.030556 0.304861 0.564815
1280 bed 0.988370 0.531250 0.211111 0.482639 0.381481
1280 wheelchair 0.958643 0.500000 0.326852 0.370139 0.509259
1285 person 0.912398 0.110417 0.473148 0.415278 0.396296
1285 crane 0.981801 0.250000 0.030556 0.295139 0.569444
1285 bed 0.984586 0.526389 0.211111 0.487500 0.384259
1285 wheelchair 0.961002 0.502083 0.324074 0.365278 0.516667
1292 person 0.916489 0.107639 0.475926 0.420139 0.393519
1292 crane 0.982791 0.271528 0.016667 0.259028 0.598148
1292 bed 0.988206 0.528472 0.213889 0.485417 0.386111
1292 wheelchair 0.956078 0.502083 0.326852 0.362500 0.513889
1301 person 0.925603 0.112500 0.475926 0.413194 0.396296
1301 crane 0.982713 0.268750 0.018519 0.261806 0.598148
1301 bed 0.987948 0.528472 0.213889 0.487500 0.384259
1301 wheelchair 0.959127 0.518750 0.326852 0.357639 0.521296
1313 person 0.949866 0.153472 0.497222 0.338889 0.345370
1313 bed 0.982837 0.523611 0.215741 0.495139 0.381481
1313 crane 0.982736 0.250000 0.040741 0.293056 0.547222
1313 wheelchair 0.964866 0.497222 0.333333 0.375000 0.509259
1322 person 0.988151 0.175000 0.477778 0.340972 0.379630
1322 bed 0.982837 0.521528 0.215741 0.480556 0.398148
1322 crane 0.975326 0.268750 0.023148 0.263889 0.581481
1322 wheelchair 0.977776 0.492361 0.336111 0.377083 0.509259
