0 bed 0.391233 0.000000 0.074074 1.013889 0.968518
0 person 0.460972 0.675000 0.100926 0.134028 0.227778
11 bed 0.977001 0.026389 0.000000 0.922917 1.066667
14 bed 0.972900 0.028472 0.000000 0.918056 1.062037
21 bed 0.989062 0.023611 0.000000 0.929861 1.069444
35 bed 0.986164 0.021528 0.000000 0.929861 1.050000
57 person 0.993201 0.559722 0.122222 0.302778 0.612963
57 bed 0.269767 0.610417 0.110185 0.384028 0.588889
57 wheelchair 0.967487 0.528472 0.309259 0.357639 0.530556
57 crane 0.986306 0.285417 0.033333 0.259028 0.574074
76 person 0.984020 0.550000 0.148148 0.329167 0.571296
76 bed 0.409738 0.605556 0.136111 0.391667 0.533333
76 wheelchair 0.961613 0.526389 0.300000 0.362500 0.542593
76 crane 0.985235 0.288194 0.040741 0.245139 0.550000
83 person 0.985474 0.550000 0.150926 0.326389 0.569444
83 wheelchair 0.951282 0.526389 0.297222 0.360417 0.545370
83 bed 0.407593 0.602778 0.136111 0.393750 0.535185
83 crane 0.986291 0.290278 0.033333 0.240278 0.562037
86 person 0.985337 0.550000 0.150926 0.326389 0.571296
86 bed 0.419718 0.605556 0.134259 0.388889 0.540741
86 wheelchair 0.945305 0.523611 0.302778 0.365278 0.540741
86 crane 0.984749 0.290278 0.037963 0.242361 0.554630
98 person 0.961598 0.545139 0.141667 0.340972 0.588889
98 bed 0.628912 0.605556 0.136111 0.396528 0.533333
98 wheelchair 0.904172 0.521528 0.271296 0.372222 0.583333
98 crane 0.984901 0.288194 0.040741 0.245139 0.550000
119 person 0.931926 0.535417 0.179630 0.334028 0.625000
119 wheelchair 0.927006 0.533333 0.285185 0.352778 0.564815
119 bed 0.895060 0.588889 0.175000 0.418056 0.453704
119 crane 0.987620 0.288194 0.040741 0.242361 0.545370
135 person 0.940986 0.533333 0.189815 0.334028 0.610185
135 bed 0.914758 0.590972 0.179630 0.410417 0.444444
135 wheelchair 0.938220 0.535417 0.285185 0.350694 0.564815
135 crane 0.989282 0.290278 0.042593 0.237500 0.542593
138 person 0.942833 0.535417 0.189815 0.331250 0.612963
138 bed 0.888392 0.597917 0.179630 0.403472 0.446296
138 wheelchair 0.948985 0.543056 0.290741 0.340972 0.557407
138 crane 0.989438 0.290278 0.042593 0.237500 0.542593
162 person 0.977505 0.504167 0.196296 0.345833 0.595370
162 wheelchair 0.929378 0.516667 0.295370 0.372222 0.559259
162 bed 0.921792 0.600694 0.187037 0.396528 0.427778
162 crane 0.986028 0.254167 0.042593 0.295139 0.542593
179 person 0.896011 0.569444 0.199074 0.285417 0.614815
179 wheelchair 0.972750 0.550000 0.230556 0.319444 0.662963
179 bed 0.967416 0.586111 0.196296 0.425000 0.410185
179 crane 0.988008 0.252083 0.042593 0.302778 0.545370
188 person 0.853885 0.588889 0.117593 0.220833 0.723148
188 bed 0.976922 0.579167 0.191667 0.434722 0.417593
188 wheelchair 0.975977 0.564583 0.220370 0.300000 0.675000
188 crane 0.986894 0.250000 0.047222 0.302778 0.533333
211 person 0.829439 0.446528 0.280556 0.242361 0.602778
211 bed 0.980189 0.584028 0.189815 0.425000 0.417593
211 wheelchair 0.986078 0.571528 0.232407 0.295139 0.655556
211 crane 0.985535 0.252083 0.050000 0.300000 0.528704
225 person 0.915177 0.415278 0.251852 0.300000 0.614815
225 wheelchair 0.968654 0.550000 0.239815 0.329167 0.631481
225 bed 0.986588 0.564583 0.189815 0.441667 0.415741
225 crane 0.985060 0.252083 0.045370 0.297917 0.537963
250 person 0.949883 0.401389 0.336111 0.288194 0.583333
250 crane 0.990099 0.288194 0.025926 0.237500 0.581481
250 crane 0.711873 0.612500 0.285185 0.268750 0.574074
250 bed 0.996797 0.569444 0.206481 0.425000 0.396296
250 wheelchair 0.896457 0.602778 0.309259 0.283333 0.550000
265 person 0.988869 0.401389 0.374074 0.304861 0.537963
265 crane 0.989045 0.288194 0.021296 0.240278 0.588889
265 bed 0.992176 0.552778 0.208333 0.441667 0.393519
265 crane 0.840317 0.631944 0.223148 0.230556 0.665741
265 wheelchair 0.225814 0.627083 0.256481 0.242361 0.650926
287 person 0.989766 0.398611 0.374074 0.307639 0.533333
287 crane 0.988929 0.288194 0.018519 0.240278 0.595370
287 crane 0.818221 0.627083 0.213889 0.235417 0.684259
287 bed 0.993471 0.550000 0.206481 0.446528 0.398148
287 wheelchair 0.206726 0.622222 0.242593 0.247222 0.679630
307 person 0.990917 0.401389 0.381481 0.312500 0.525926
307 bed 0.991568 0.540278 0.189815 0.468750 0.434259
307 crane 0.834484 0.597917 0.208333 0.302778 0.574074
307 crane 0.989613 0.290278 0.021296 0.237500 0.590741
318 person 0.992373 0.396528 0.386111 0.316667 0.516667
318 crane 0.977873 0.595833 0.223148 0.288194 0.545370
318 bed 0.983981 0.545139 0.189815 0.463889 0.422222
318 crane 0.991479 0.288194 0.023148 0.240278 0.588889
342 person 0.994926 0.401389 0.408333 0.316667 0.487963
342 crane 0.988067 0.595833 0.218519 0.271528 0.542593
342 bed 0.970844 0.564583 0.191667 0.432639 0.429630
342 crane 0.989839 0.288194 0.023148 0.237500 0.583333
360 person 0.994848 0.398611 0.410185 0.324306 0.480556
360 crane 0.989541 0.597917 0.218519 0.268750 0.537963
360 bed 0.958062 0.566667 0.184259 0.429861 0.441667
360 crane 0.990495 0.288194 0.023148 0.237500 0.583333
363 person 0.995001 0.401389 0.412963 0.316667 0.480556
363 crane 0.989415 0.595833 0.220370 0.271528 0.537963
363 bed 0.964705 0.559722 0.184259 0.429861 0.437037
363 crane 0.990630 0.288194 0.023148 0.235417 0.586111
388 person 0.978961 0.403472 0.422222 0.278472 0.470370
388 bed 0.990571 0.538194 0.187037 0.477778 0.422222
388 crane 0.898022 0.571528 0.230556 0.314583 0.554630
388 crane 0.983118 0.250000 0.035185 0.300000 0.557407
411 person 0.992743 0.388889 0.393519 0.268750 0.501852
411 bed 0.994840 0.538194 0.203704 0.475694 0.396296
411 crane 0.978444 0.237500 0.013889 0.321528 0.602778
411 crane 0.354600 0.569444 0.292593 0.295139 0.564815
411 wheelchair 0.956947 0.571528 0.275926 0.283333 0.571296
415 person 0.995561 0.396528 0.379630 0.242361 0.525926
415 crane 0.229042 0.557639 0.300000 0.314583 0.562037
415 bed 0.994089 0.533333 0.201852 0.482639 0.405556
415 crane 0.971538 0.245139 0.001852 0.302778 0.629630
415 wheelchair 0.973675 0.559722 0.304630 0.309722 0.559259
434 person 0.988928 0.381944 0.230556 0.237500 0.679630
434 bed 0.989736 0.531250 0.201852 0.485417 0.408333
434 wheelchair 0.964583 0.504167 0.287963 0.352778 0.569444
434 crane 0.977756 0.281250 0.021296 0.179861 0.598148
456 person 0.892699 0.413194 0.213889 0.276389 0.617593
456 wheelchair 0.950712 0.540278 0.285185 0.340972 0.557407
456 bed 0.989726 0.513889 0.182407 0.463889 0.451852
456 crane 0.985993 0.256944 0.033333 0.278472 0.566667
462 person 0.981413 0.422917 0.177778 0.271528 0.679630
462 bed 0.966202 0.531250 0.177778 0.446528 0.461111
462 wheelchair 0.981912 0.547917 0.285185 0.329167 0.557407
462 crane 0.983117 0.252083 0.030556 0.302778 0.566667
470 person 0.954400 0.456250 0.155556 0.263889 0.689815
470 bed 0.956711 0.579167 0.179630 0.401389 0.434259
470 wheelchair 0.976681 0.547917 0.266667 0.326389 0.586111
470 crane 0.987872 0.295139 0.033333 0.232639 0.566667
475 person 0.787050 0.523611 0.110185 0.215972 0.660185
475 wheelchair 0.960503 0.531250 0.273148 0.347917 0.574074
475 bed 0.957806 0.588889 0.175000 0.396528 0.444444
475 crane 0.987892 0.293056 0.028704 0.237500 0.574074
480 person 0.946970 0.513889 0.076852 0.227778 0.725926
480 wheelchair 0.961801 0.533333 0.278704 0.343750 0.571296
480 bed 0.975315 0.612500 0.175000 0.357639 0.449074
480 crane 0.987742 0.295139 0.028704 0.232639 0.576852
501 person 0.934465 0.562500 0.148148 0.302778 0.550000
501 bed 0.861504 0.607639 0.138889 0.386806 0.513889
501 wheelchair 0.948664 0.538194 0.268519 0.343750 0.586111
501 crane 0.990096 0.290278 0.025926 0.240278 0.586111
523 person 0.989178 0.562500 0.122222 0.295139 0.605556
523 bed 0.627182 0.571528 0.125000 0.425000 0.554630
523 wheelchair 0.965437 0.540278 0.307407 0.331250 0.542593
523 crane 0.988746 0.290278 0.030556 0.242361 0.576852
536 person 0.988350 0.562500 0.126852 0.295139 0.598148
536 bed 0.680298 0.574306 0.122222 0.418056 0.559259
536 wheelchair 0.970597 0.543056 0.300000 0.329167 0.554630
536 crane 0.989639 0.290278 0.028704 0.245139 0.576852
538 person 0.989126 0.564583 0.126852 0.295139 0.598148
538 bed 0.643908 0.574306 0.119444 0.420139 0.559259
538 wheelchair 0.968373 0.540278 0.300000 0.331250 0.552778
538 crane 0.989567 0.290278 0.028704 0.245139 0.578704
562 person 0.986732 0.564583 0.122222 0.293056 0.602778
562 wheelchair 0.963345 0.543056 0.297222 0.329167 0.552778
562 bed 0.690053 0.605556 0.126852 0.391667 0.542593
562 crane 0.990713 0.290278 0.030556 0.242361 0.571296
582 person 0.978605 0.545139 0.013889 0.259028 0.845370
582 wheelchair 0.952344 0.533333 0.290741 0.343750 0.559259
582 bed 0.796196 0.615278 0.134259 0.381944 0.523148
582 crane 0.989973 0.290278 0.033333 0.245139 0.569444
595 person 0.979213 0.545139 0.150926 0.336111 0.564815
595 bed 0.573669 0.597917 0.136111 0.401389 0.523148
595 wheelchair 0.932244 0.523611 0.302778 0.360417 0.535185
595 crane 0.988355 0.290278 0.035185 0.245139 0.562037
614 person 0.906205 0.550000 0.187037 0.338889 0.504630
614 wheelchair 0.941389 0.533333 0.307407 0.350694 0.530556
614 bed 0.878703 0.586111 0.170370 0.422917 0.465741
614 crane 0.987559 0.290278 0.040741 0.245139 0.550000
630 person 0.933842 0.518750 0.194444 0.324306 0.590741
630 bed 0.919808 0.590972 0.182407 0.415278 0.439815
630 wheelchair 0.951995 0.538194 0.297222 0.345833 0.550000
630 crane 0.985575 0.288194 0.042593 0.242361 0.537963
648 person 0.946044 0.521528 0.194444 0.314583 0.593518
648 wheelchair 0.957620 0.545139 0.290741 0.336111 0.559259
648 bed 0.928328 0.593750 0.184259 0.408333 0.434259
648 crane 0.987644 0.290278 0.037963 0.242361 0.550000
659 person 0.940474 0.564583 0.141667 0.266667 0.665741
659 bed 0.926596 0.593750 0.184259 0.406250 0.434259
659 wheelchair 0.928062 0.538194 0.285185 0.343750 0.566667
659 crane 0.986976 0.290278 0.040741 0.235417 0.547222
681 person 0.945886 0.581250 0.155556 0.240278 0.641667
681 wheelchair 0.958082 0.550000 0.266667 0.324306 0.590741
681 bed 0.957295 0.584028 0.191667 0.422917 0.420370
681 crane 0.987014 0.252083 0.037963 0.297917 0.552778
698 person 0.788191 0.497222 0.225926 0.362500 0.660185
698 wheelchair 0.972769 0.528472 0.235185 0.357639 0.658333
698 bed 0.975224 0.590972 0.194444 0.408333 0.412963
698 crane 0.988455 0.250000 0.042593 0.300000 0.545370
720 person 0.672553 0.576389 0.155556 0.250000 0.735185
720 wheelchair 0.972203 0.533333 0.256481 0.345833 0.612963
720 bed 0.989177 0.566667 0.206481 0.449306 0.386111
720 crane 0.985274 0.252083 0.033333 0.304861 0.559259
726 person 0.869450 0.420139 0.283333 0.293056 0.583333
726 wheelchair 0.977451 0.540278 0.251852 0.340972 0.622222
726 bed 0.992441 0.562500 0.213889 0.456250 0.374074
726 crane 0.986662 0.250000 0.035185 0.307639 0.554630
729 person 0.855852 0.420139 0.302778 0.281250 0.571296
729 wheelchair 0.972057 0.550000 0.242593 0.329167 0.638889
729 bed 0.991797 0.559722 0.213889 0.461111 0.374074
729 crane 0.987214 0.250000 0.037963 0.307639 0.550000
746 person 0.968976 0.406250 0.278704 0.304861 0.602778
746 wheelchair 0.972610 0.554861 0.275926 0.324306 0.578704
746 bed 0.990438 0.559722 0.211111 0.429861 0.374074
746 crane 0.985407 0.252083 0.030556 0.300000 0.566667
759 person 0.902802 0.396528 0.312037 0.300000 0.576852
759 crane 0.988800 0.290278 0.021296 0.232639 0.590741
759 bed 0.994806 0.566667 0.199074 0.420139 0.408333
759 wheelchair 0.953683 0.595833 0.302778 0.278472 0.540741
762 person 0.925883 0.403472 0.328704 0.290278 0.593518
762 crane 0.989942 0.290278 0.025926 0.237500 0.581481
762 crane 0.718010 0.602778 0.283333 0.273611 0.571296
762 bed 0.995328 0.564583 0.203704 0.427778 0.400926
762 wheelchair 0.754419 0.597917 0.304630 0.283333 0.557407
783 person 0.989989 0.391667 0.429630 0.324306 0.446296
783 crane 0.971779 0.581250 0.220370 0.293056 0.542593
783 bed 0.976571 0.559722 0.184259 0.446528 0.434259
783 crane 0.988136 0.285417 0.018519 0.240278 0.593518
800 person 0.986879 0.386806 0.446296 0.334028 0.439815
800 bed 0.964769 0.545139 0.201852 0.463889 0.408333
800 crane 0.977290 0.576389 0.206481 0.285417 0.557407
800 crane 0.984610 0.288194 0.016667 0.230556 0.595370
807 person 0.989921 0.386806 0.441667 0.334028 0.449074
807 bed 0.955895 0.543056 0.201852 0.468750 0.408333
807 crane 0.974165 0.576389 0.201852 0.283333 0.562037
807 crane 0.983891 0.290278 0.016667 0.225694 0.595370
830 person 0.990279 0.384028 0.441667 0.338889 0.449074
830 bed 0.962993 0.543056 0.201852 0.468750 0.405556
830 crane 0.975152 0.574306 0.203704 0.288194 0.557407
830 crane 0.983907 0.285417 0.016667 0.235417 0.595370
854 person 0.988416 0.386806 0.441667 0.331250 0.446296
854 bed 0.958638 0.543056 0.203704 0.470833 0.405556
854 crane 0.975297 0.576389 0.203704 0.288194 0.557407
854 crane 0.980940 0.250000 0.023148 0.304861 0.581481
870 person 0.987143 0.384028 0.437037 0.329167 0.451852
870 bed 0.966049 0.540278 0.203704 0.475694 0.403704
870 crane 0.973236 0.574306 0.203704 0.290278 0.559259
870 crane 0.982359 0.247222 0.028704 0.307639 0.569444
890 person 0.985908 0.408333 0.441667 0.278472 0.446296
890 bed 0.971419 0.550000 0.201852 0.461111 0.408333
890 crane 0.973602 0.571528 0.208333 0.288194 0.562037
890 crane 0.979609 0.288194 0.018519 0.230556 0.586111
901 person 0.984253 0.408333 0.432407 0.278472 0.461111
901 bed 0.985274 0.559722 0.189815 0.444444 0.429630
901 crane 0.961586 0.579167 0.223148 0.285417 0.554630
901 crane 0.980172 0.250000 0.033333 0.302778 0.559259
909 person 0.960022 0.408333 0.422222 0.266667 0.477778
909 bed 0.986981 0.533333 0.187037 0.487500 0.427778
909 crane 0.869873 0.597917 0.187037 0.232639 0.720370
909 crane 0.980542 0.250000 0.025926 0.295139 0.574074
914 person 0.977863 0.370139 0.427778 0.309722 0.453704
914 crane 0.923118 0.574306 0.194444 0.271528 0.708333
914 bed 0.990063 0.528472 0.187037 0.497222 0.425000
914 crane 0.984906 0.245139 0.033333 0.307639 0.562037
932 person 0.987240 0.391667 0.316667 0.227778 0.614815
932 bed 0.996056 0.538194 0.201852 0.475694 0.410185
932 crane 0.957484 0.271528 0.000000 0.199306 0.658333
932 wheelchair 0.981766 0.543056 0.319444 0.331250 0.533333
949 person 0.952484 0.415278 0.242593 0.268750 0.631481
949 wheelchair 0.964773 0.540278 0.292593 0.338889 0.552778
949 bed 0.978243 0.509028 0.196296 0.490278 0.427778
949 crane 0.951583 0.268750 0.000000 0.237500 0.641667
957 person 0.915926 0.427778 0.232407 0.254167 0.631481
957 bed 0.988116 0.511806 0.187037 0.470833 0.441667
957 wheelchair 0.962832 0.545139 0.295370 0.331250 0.537963
957 crane 0.987600 0.261806 0.025926 0.266667 0.581481
971 person 0.911873 0.461111 0.150926 0.266667 0.723148
971 bed 0.966491 0.597917 0.170370 0.379167 0.451852
971 wheelchair 0.966292 0.559722 0.235185 0.300000 0.641667
971 crane 0.988090 0.295139 0.033333 0.227778 0.564815
992 person 0.992729 0.531250 0.110185 0.271528 0.638889
992 wheelchair 0.934057 0.500000 0.304630 0.365278 0.535185
992 bed 0.940396 0.615278 0.158333 0.367361 0.480556
992 crane 0.989197 0.288194 0.035185 0.247222 0.562037
1008 person 0.994020 0.547917 0.125000 0.326389 0.593518
1008 wheelchair 0.845248 0.490278 0.343519 0.388889 0.458333
1008 bed 0.365635 0.595833 0.117593 0.401389 0.562037
1008 crane 0.990054 0.290278 0.037963 0.245139 0.557407
1010 person 0.992337 0.540278 0.126852 0.338889 0.590741
1010 wheelchair 0.869361 0.485417 0.338889 0.393750 0.468519
1010 bed 0.405832 0.597917 0.119444 0.398611 0.559259
1010 crane 0.990757 0.290278 0.040741 0.247222 0.552778
1019 person 0.995794 0.566667 0.117593 0.285417 0.607407
1019 wheelchair 0.927796 0.540278 0.319444 0.326389 0.513889
1019 bed 0.431855 0.600694 0.119444 0.391667 0.562037
1019 crane 0.989409 0.290278 0.040741 0.242361 0.554630
1043 person 0.995435 0.569444 0.125000 0.290278 0.595370
1043 wheelchair 0.926818 0.545139 0.275926 0.316667 0.566667
1043 bed 0.514905 0.550000 0.143519 0.463889 0.518519
1043 crane 0.989462 0.288194 0.040741 0.247222 0.554630
1062 person 0.995159 0.564583 0.129630 0.297917 0.593518
1062 wheelchair 0.917657 0.543056 0.307407 0.324306 0.528704
1062 bed 0.487688 0.595833 0.125000 0.401389 0.554630
1062 crane 0.990382 0.290278 0.040741 0.245139 0.554630
1063 person 0.995283 0.564583 0.131481 0.297917 0.590741
1063 bed 0.493819 0.595833 0.125000 0.403472 0.552778
1063 wheelchair 0.917962 0.540278 0.307407 0.324306 0.528704
1063 crane 0.990036 0.290278 0.033333 0.242361 0.569444
1064 person 0.995114 0.566667 0.134259 0.297917 0.588889
1064 bed 0.503957 0.595833 0.125000 0.403472 0.550000
1064 wheelchair 0.915771 0.540278 0.309259 0.324306 0.528704
1064 crane 0.989394 0.290278 0.040741 0.245139 0.554630
1068 person 0.994694 0.562500 0.138889 0.302778 0.578704
1068 wheelchair 0.911853 0.540278 0.314815 0.326389 0.518519
1068 bed 0.516266 0.593750 0.129630 0.406250 0.545370
1068 crane 0.988967 0.290278 0.033333 0.240278 0.569444
1084 person 0.991481 0.557639 0.143519 0.312500 0.571296
1084 bed 0.537038 0.595833 0.129630 0.403472 0.542593
1084 wheelchair 0.901510 0.547917 0.261111 0.321528 0.593518
1084 crane 0.988910 0.290278 0.033333 0.245139 0.566667
1092 person 0.986353 0.554861 0.148148 0.312500 0.569444
1092 wheelchair 0.909526 0.538194 0.304630 0.336111 0.530556
1092 bed 0.602157 0.595833 0.136111 0.408333 0.525926
1092 crane 0.986830 0.288194 0.035185 0.247222 0.557407
1115 person 0.975264 0.550000 0.165741 0.331250 0.545370
1115 bed 0.747622 0.586111 0.155556 0.422917 0.494444
1115 wheelchair 0.906026 0.533333 0.324074 0.345833 0.501852
1115 crane 0.988589 0.288194 0.042593 0.247222 0.542593
1120 person 0.976276 0.550000 0.165741 0.334028 0.545370
1120 bed 0.752620 0.584028 0.155556 0.425000 0.494444
1120 wheelchair 0.896139 0.533333 0.319444 0.345833 0.504630
1120 crane 0.988838 0.290278 0.035185 0.245139 0.559259
1122 person 0.977720 0.550000 0.167593 0.336111 0.542593
1122 bed 0.772022 0.581250 0.158333 0.427778 0.492593
1122 wheelchair 0.894453 0.533333 0.319444 0.347917 0.506481
1122 crane 0.987842 0.288194 0.035185 0.247222 0.557407
1138 person 0.936548 0.566667 0.112963 0.263889 0.708333
1138 bed 0.899628 0.581250 0.170370 0.429861 0.465741
1138 wheelchair 0.902109 0.538194 0.309259 0.343750 0.521296
1138 crane 0.988364 0.290278 0.040741 0.242361 0.550000
1156 person 0.930589 0.545139 0.196296 0.316667 0.590741
1156 wheelchair 0.914726 0.550000 0.304630 0.326389 0.525926
1156 bed 0.934932 0.584028 0.182407 0.422917 0.437037
1156 crane 0.986928 0.290278 0.042593 0.240278 0.537963
1165 person 0.964640 0.571528 0.148148 0.256944 0.643519
1165 wheelchair 0.926359 0.543056 0.297222 0.329167 0.547222
1165 bed 0.953042 0.584028 0.187037 0.427778 0.429630
1165 crane 0.987615 0.288194 0.040741 0.237500 0.547222
1189 person 0.921743 0.579167 0.220370 0.271528 0.576852
1189 wheelchair 0.962354 0.564583 0.242593 0.295139 0.641667
1189 bed 0.978108 0.576389 0.201852 0.434722 0.398148
1189 crane 0.986712 0.252083 0.042593 0.295139 0.545370
1205 person 0.929371 0.571528 0.237963 0.283333 0.545370
1205 bed 0.986471 0.576389 0.213889 0.437500 0.379630
1205 wheelchair 0.955817 0.557639 0.251852 0.307639 0.626852
1205 crane 0.984609 0.252083 0.045370 0.297917 0.537963
1226 person 0.926319 0.401389 0.285185 0.326389 0.588889
1226 bed 0.992298 0.559722 0.201852 0.451389 0.386111
1226 wheelchair 0.984277 0.557639 0.271296 0.312500 0.590741
1226 crane 0.984296 0.250000 0.045370 0.302778 0.533333
1249 person 0.985108 0.408333 0.352778 0.288194 0.564815
1249 crane 0.989295 0.288194 0.021296 0.237500 0.586111
1249 crane 0.901294 0.627083 0.250000 0.245139 0.619444
1249 bed 0.994917 0.557639 0.203704 0.437500 0.403704
1249 wheelchair 0.586675 0.629167 0.256481 0.227778 0.600926
1271 person 0.993409 0.386806 0.412963 0.334028 0.480556
1271 crane 0.981619 0.588889 0.213889 0.273611 0.545370
1271 bed 0.973601 0.559722 0.184259 0.437500 0.434259
1271 crane 0.989921 0.288194 0.018519 0.235417 0.593518
1280 person 0.995445 0.388889 0.427778 0.331250 0.468519
1280 bed 0.966540 0.552778 0.201852 0.454167 0.405556
1280 crane 0.981579 0.586111 0.208333 0.268750 0.545370
1280 crane 0.988740 0.288194 0.021296 0.230556 0.590741
1298 person 0.994790 0.391667 0.415741 0.336111 0.477778
1298 crane 0.976920 0.595833 0.211111 0.256944 0.533333
1298 bed 0.965211 0.554861 0.199074 0.454167 0.412963
1298 crane 0.987931 0.290278 0.023148 0.232639 0.583333
1319 person 0.994488 0.391667 0.425000 0.329167 0.468519
1319 crane 0.981757 0.593750 0.211111 0.261806 0.533333
1319 bed 0.962560 0.550000 0.196296 0.459028 0.417593
1319 crane 0.989373 0.288194 0.023148 0.232639 0.581481
1334 person 0.993736 0.403472 0.432407 0.307639 0.458333
1334 bed 0.980065 0.557639 0.189815 0.444444 0.427778
1334 crane 0.982388 0.590972 0.215741 0.268750 0.547222
1334 crane 0.986308 0.288194 0.021296 0.232639 0.586111
1347 person 0.972470 0.403472 0.388889 0.285417 0.576852
1347 crane 0.926190 0.610417 0.199074 0.242361 0.689815
1347 bed 0.989846 0.538194 0.196296 0.475694 0.427778
1347 crane 0.991907 0.283333 0.035185 0.235417 0.571296
