0 bed 0.997532 0.350694 0.324074 0.559722 0.461111
22 bed 0.997755 0.350694 0.324074 0.562500 0.463889
28 bed 0.997885 0.350694 0.324074 0.564583 0.461111
39 bed 0.997881 0.350694 0.324074 0.562500 0.461111
60 bed 0.998150 0.347917 0.326852 0.564583 0.461111
79 bed 0.998225 0.350694 0.324074 0.562500 0.463889
80 bed 0.998196 0.350694 0.326852 0.562500 0.461111
105 bed 0.998108 0.350694 0.324074 0.562500 0.463889
111 bed 0.998262 0.347917 0.326852 0.564583 0.458333
128 bed 0.998043 0.350694 0.321296 0.559722 0.463889
140 bed 0.998168 0.347917 0.324074 0.564583 0.461111
162 bed 0.998106 0.350694 0.321296 0.562500 0.463889
174 bed 0.998163 0.347917 0.324074 0.564583 0.463889
182 bed 0.998187 0.350694 0.324074 0.562500 0.463889
203 bed 0.998215 0.347917 0.324074 0.562500 0.463889
214 bed 0.998261 0.350694 0.324074 0.562500 0.463889
237 bed 0.998298 0.347917 0.324074 0.566667 0.465741
247 bed 0.998203 0.347917 0.324074 0.564583 0.463889
266 bed 0.998263 0.350694 0.324074 0.562500 0.463889
290 bed 0.998428 0.345833 0.324074 0.569444 0.461111
294 bed 0.998423 0.345833 0.324074 0.569444 0.461111
310 person 0.973154 0.000000 0.441667 0.268750 0.545370
310 wheelchair 0.928778 0.000000 0.650926 0.278472 0.324074
310 bed 0.998375 0.347917 0.326852 0.564583 0.456481
312 person 0.873968 0.000000 0.352778 0.297917 0.638889
312 wheelchair 0.897620 0.000000 0.636111 0.285417 0.345370
312 bed 0.998330 0.347917 0.326852 0.564583 0.453704
329 person 0.896237 0.002083 0.398148 0.314583 0.610185
329 wheelchair 0.826046 0.000000 0.648148 0.319444 0.340741
329 bed 0.998325 0.347917 0.326852 0.562500 0.453704
342 person 0.971289 0.006944 0.360185 0.362500 0.625000
342 wheelchair 0.981252 0.000000 0.638889 0.408333 0.357407
342 bed 0.998790 0.343750 0.328704 0.566667 0.449074
357 person 0.967182 0.074306 0.391667 0.334028 0.571296
357 wheelchair 0.989087 0.021528 0.648148 0.377083 0.340741
357 bed 0.998415 0.347917 0.328704 0.559722 0.453704
360 person 0.989667 0.088889 0.379630 0.321528 0.586111
360 wheelchair 0.983905 0.021528 0.648148 0.388889 0.338889
360 bed 0.998334 0.350694 0.328704 0.557639 0.453704
371 person 0.958439 0.160417 0.369444 0.302778 0.588889
371 wheelchair 0.982117 0.095833 0.622222 0.357639 0.357407
371 bed 0.998148 0.345833 0.328704 0.562500 0.441667
385 person 0.989574 0.194444 0.360185 0.347917 0.571296
385 wheelchair 0.967745 0.146528 0.600926 0.375000 0.374074
385 bed 0.993077 0.338889 0.333333 0.574306 0.427778
402 person 0.991568 0.247222 0.321296 0.345833 0.619444
402 wheelchair 0.883652 0.209028 0.537963 0.365278 0.425000
402 bed 0.991122 0.340972 0.333333 0.569444 0.425000
405 person 0.989218 0.263889 0.328704 0.338889 0.605556
405 wheelchair 0.938081 0.215972 0.525926 0.367361 0.449074
405 bed 0.990893 0.343750 0.333333 0.566667 0.425000
429 person 0.970830 0.379167 0.316667 0.285417 0.612963
429 wheelchair 0.981255 0.321528 0.535185 0.343750 0.388889
429 bed 0.991585 0.388889 0.338889 0.523611 0.429630
445 person 0.989824 0.406250 0.321296 0.329167 0.533333
445 wheelchair 0.870241 0.372222 0.497222 0.345833 0.451852
445 bed 0.986287 0.350694 0.328704 0.584028 0.458333
465 person 0.945383 0.427778 0.309259 0.331250 0.559259
465 bed 0.950338 0.403472 0.314815 0.446528 0.501852
465 wheelchair 0.887166 0.427778 0.489815 0.319444 0.446296
490 person 0.895864 0.427778 0.300000 0.340972 0.569444
490 bed 0.892942 0.420139 0.302778 0.418056 0.521296
490 wheelchair 0.778080 0.413194 0.485185 0.365278 0.437037
513 person 0.925443 0.429861 0.314815 0.329167 0.542593
513 bed 0.953285 0.413194 0.314815 0.439583 0.492593
513 wheelchair 0.651718 0.456250 0.475926 0.295139 0.475926
528 person 0.910319 0.459028 0.237963 0.283333 0.708333
528 bed 0.953801 0.422917 0.309259 0.418056 0.506481
528 wheelchair 0.707133 0.461111 0.485185 0.283333 0.437037
536 person 0.914585 0.465972 0.208333 0.268750 0.763889
536 bed 0.935594 0.437500 0.304630 0.391667 0.511111
536 wheelchair 0.760669 0.470833 0.482407 0.263889 0.439815
556 person 0.882831 0.475694 0.203704 0.256944 0.766667
556 bed 0.888475 0.441667 0.302778 0.375000 0.521296
556 wheelchair 0.404398 0.487500 0.384259 0.242361 0.571296
569 person 0.871798 0.477778 0.223148 0.252083 0.735185
569 bed 0.928605 0.439583 0.307407 0.384028 0.518519
569 wheelchair 0.372995 0.490278 0.256481 0.237500 0.732407
581 person 0.817472 0.485417 0.213889 0.242361 0.749074
581 bed 0.918778 0.444444 0.304630 0.377083 0.518519
581 wheelchair 0.322836 0.495139 0.251852 0.227778 0.742593
588 person 0.808904 0.500000 0.242593 0.242361 0.689815
588 bed 0.924978 0.441667 0.304630 0.377083 0.521296
588 wheelchair 0.292376 0.495139 0.247222 0.227778 0.751852
613 person 0.846975 0.482639 0.239815 0.242361 0.708333
613 wheelchair 0.466435 0.485417 0.362963 0.242361 0.545370
613 bed 0.960929 0.441667 0.321296 0.381944 0.494444
618 person 0.877985 0.480556 0.242593 0.247222 0.708333
618 wheelchair 0.375865 0.482639 0.357407 0.245139 0.554630
618 bed 0.969598 0.434722 0.321296 0.396528 0.494444
638 person 0.831933 0.477778 0.232407 0.254167 0.713889
638 wheelchair 0.251412 0.490278 0.254630 0.235417 0.732407
638 bed 0.947093 0.437500 0.307407 0.388889 0.516667
649 person 0.925388 0.451389 0.290741 0.285417 0.574074
649 wheelchair 0.316392 0.495139 0.251852 0.220833 0.739815
649 bed 0.969662 0.410417 0.292593 0.441667 0.530556
671 person 0.910179 0.490278 0.213889 0.222917 0.754630
671 wheelchair 0.304902 0.497222 0.237963 0.218750 0.771296
671 bed 0.966288 0.429861 0.304630 0.401389 0.518519
680 person 0.905051 0.495139 0.201852 0.218750 0.773148
680 bed 0.954045 0.439583 0.302778 0.384028 0.523148
680 wheelchair 0.273636 0.497222 0.230556 0.218750 0.785185
691 person 0.897259 0.495139 0.199074 0.220833 0.778704
691 bed 0.950195 0.441667 0.302778 0.379167 0.528704
691 wheelchair 0.274091 0.497222 0.230556 0.218750 0.785185
693 person 0.901339 0.495139 0.203704 0.220833 0.768519
693 bed 0.953515 0.439583 0.302778 0.381944 0.525926
693 wheelchair 0.214892 0.497222 0.232407 0.220833 0.778704
716 person 0.912727 0.492361 0.206481 0.222917 0.768519
716 bed 0.952186 0.439583 0.302778 0.381944 0.525926
716 wheelchair 0.227782 0.497222 0.227778 0.218750 0.785185
720 person 0.913182 0.492361 0.203704 0.222917 0.773148
720 bed 0.953235 0.439583 0.300000 0.381944 0.528704
720 wheelchair 0.219554 0.497222 0.227778 0.218750 0.787963
726 person 0.921476 0.492361 0.203704 0.222917 0.773148
726 bed 0.956095 0.439583 0.302778 0.381944 0.523148
726 wheelchair 0.214368 0.497222 0.225926 0.220833 0.792593
733 person 0.905460 0.492361 0.208333 0.220833 0.761111
733 bed 0.952270 0.439583 0.300000 0.381944 0.528704
733 wheelchair 0.244105 0.497222 0.225926 0.220833 0.790741
744 person 0.832400 0.487500 0.215741 0.232639 0.742593
744 bed 0.930765 0.441667 0.295370 0.377083 0.535185
744 wheelchair 0.217010 0.495139 0.381481 0.225694 0.571296
752 person 0.867106 0.502083 0.213889 0.242361 0.696296
752 bed 0.855024 0.451389 0.290741 0.360417 0.547222
752 wheelchair 0.219749 0.502083 0.275926 0.235417 0.701852
763 person 0.849959 0.502083 0.220370 0.240278 0.679630
763 bed 0.901218 0.451389 0.290741 0.362500 0.542593
763 wheelchair 0.318007 0.500000 0.256481 0.218750 0.737963
788 person 0.900869 0.500000 0.242593 0.240278 0.687037
788 bed 0.903611 0.446528 0.300000 0.370139 0.533333
797 person 0.832793 0.492361 0.239815 0.266667 0.643519
797 bed 0.898433 0.449306 0.290741 0.370139 0.545370
797 wheelchair 0.231757 0.497222 0.278704 0.247222 0.691667
803 person 0.864351 0.495139 0.232407 0.252083 0.706481
803 bed 0.886024 0.449306 0.290741 0.367361 0.545370
808 person 0.863209 0.497222 0.225926 0.250000 0.723148
808 bed 0.888487 0.451389 0.290741 0.360417 0.545370
808 wheelchair 0.281185 0.495139 0.271296 0.250000 0.706481
829 person 0.814474 0.497222 0.254630 0.245139 0.662963
829 bed 0.907249 0.441667 0.304630 0.377083 0.513889
829 wheelchair 0.245319 0.490278 0.254630 0.235417 0.735185
847 person 0.917146 0.446528 0.304630 0.302778 0.552778
847 bed 0.921926 0.432639 0.307407 0.393750 0.501852
847 wheelchair 0.586827 0.487500 0.470370 0.240278 0.463889
861 person 0.949773 0.468750 0.254630 0.261806 0.677778
861 wheelchair 0.574798 0.472917 0.372222 0.256944 0.542593
861 bed 0.968385 0.406250 0.309259 0.451389 0.494444
878 person 0.902841 0.509028 0.213889 0.240278 0.694444
878 bed 0.887735 0.456250 0.283333 0.360417 0.552778
878 wheelchair 0.554121 0.475694 0.376852 0.256944 0.583333
903 person 0.905518 0.468750 0.215741 0.266667 0.747222
903 bed 0.893898 0.434722 0.300000 0.391667 0.518519
903 wheelchair 0.408905 0.480556 0.475926 0.254167 0.451852
921 person 0.891725 0.535417 0.242593 0.252083 0.622222
921 wheelchair 0.307931 0.490278 0.251852 0.302778 0.749074
921 bed 0.787071 0.420139 0.242593 0.456250 0.646296
930 person 0.928831 0.533333 0.242593 0.256944 0.619444
930 bed 0.662082 0.490278 0.273148 0.326389 0.583333
930 wheelchair 0.559155 0.513889 0.292593 0.293056 0.675000
931 person 0.944928 0.538194 0.235185 0.250000 0.631481
931 bed 0.628245 0.482639 0.271296 0.343750 0.516667
931 wheelchair 0.587595 0.511806 0.287963 0.295139 0.682407
947 person 0.941290 0.523611 0.259259 0.276389 0.598148
947 bed 0.632413 0.425000 0.254630 0.454167 0.629630
947 wheelchair 0.289757 0.511806 0.297222 0.297917 0.660185
967 person 0.945268 0.552778 0.251852 0.297917 0.625000
967 wheelchair 0.408079 0.509028 0.304630 0.343750 0.646296
967 bed 0.947452 0.444444 0.309259 0.434722 0.513889
968 person 0.968033 0.554861 0.251852 0.300000 0.619444
968 wheelchair 0.368684 0.562500 0.367593 0.285417 0.557407
968 bed 0.966384 0.420139 0.297222 0.470833 0.535185
980 person 0.976136 0.574306 0.239815 0.285417 0.648148
980 wheelchair 0.756612 0.574306 0.364815 0.283333 0.566667
980 bed 0.968119 0.393750 0.295370 0.502083 0.540741
1005 person 0.931975 0.617361 0.237963 0.235417 0.564815
1005 wheelchair 0.952866 0.600694 0.374074 0.271528 0.559259
1005 bed 0.950446 0.381944 0.285185 0.502083 0.554630
1022 person 0.994088 0.665278 0.208333 0.250000 0.583333
1022 wheelchair 0.965641 0.620139 0.388889 0.312500 0.554630
1022 bed 0.972710 0.352778 0.350926 0.547917 0.439815
1037 person 0.990508 0.706250 0.230556 0.240278 0.554630
1037 wheelchair 0.991064 0.656250 0.405556 0.295139 0.518519
1037 bed 0.983497 0.367361 0.326852 0.531250 0.477778
1048 person 0.982817 0.742361 0.148148 0.232639 0.727778
1048 wheelchair 0.986878 0.682639 0.429630 0.293056 0.465741
1048 bed 0.991463 0.377083 0.321296 0.533333 0.480556
1055 person 0.992774 0.766667 0.220370 0.235417 0.586111
1055 wheelchair 0.977634 0.699306 0.417593 0.273611 0.477778
1055 bed 0.992592 0.370139 0.319444 0.547917 0.480556
1074 person 0.964342 0.814583 0.129630 0.182639 0.787963
1074 wheelchair 0.975699 0.756944 0.388889 0.240278 0.528704
1074 bed 0.994282 0.365278 0.326852 0.562500 0.458333
1077 person 0.963182 0.821528 0.126852 0.177778 0.792593
1077 wheelchair 0.972824 0.761806 0.398148 0.235417 0.513889
1077 bed 0.994648 0.367361 0.324074 0.571528 0.458333
1082 person 0.866130 0.797917 0.237963 0.213889 0.655556
1082 wheelchair 0.956394 0.781250 0.400926 0.225694 0.509259
1082 bed 0.995100 0.367361 0.326852 0.574306 0.461111
1089 person 0.850789 0.857639 0.143519 0.138889 0.759259
1089 wheelchair 0.977197 0.797917 0.403704 0.206250 0.494444
1089 bed 0.997178 0.362500 0.328704 0.571528 0.453704
1094 person 0.877284 0.872222 0.114815 0.134028 0.814815
1094 wheelchair 0.968475 0.809722 0.412963 0.189583 0.477778
1094 bed 0.998135 0.347917 0.336111 0.586111 0.441667
1115 person 0.899408 0.867361 0.112963 0.136806 0.867593
1115 wheelchair 0.962482 0.814583 0.425000 0.189583 0.465741
1115 bed 0.998159 0.347917 0.326852 0.581250 0.453704
1116 person 0.915180 0.865278 0.112963 0.138889 0.867593
1116 wheelchair 0.962338 0.812500 0.425000 0.191667 0.468519
1116 bed 0.998228 0.347917 0.326852 0.579167 0.453704
1131 person 0.845383 0.840972 0.117593 0.168056 0.862963
1131 wheelchair 0.942474 0.819444 0.437037 0.189583 0.451852
1131 bed 0.997554 0.367361 0.328704 0.562500 0.453704
1134 person 0.853064 0.838889 0.112963 0.170139 0.869444
1134 wheelchair 0.924597 0.821528 0.432407 0.184722 0.475926
1134 bed 0.997477 0.367361 0.326852 0.557639 0.461111
1151 person 0.931834 0.834028 0.045370 0.163194 1.006482
1151 wheelchair 0.816406 0.829167 0.475926 0.168056 0.456481
1151 bed 0.996309 0.375000 0.321296 0.554861 0.468519
1159 person 0.971850 0.824306 0.042593 0.175000 1.013889
1159 wheelchair 0.938906 0.800000 0.497222 0.199306 0.449074
1159 bed 0.993626 0.381944 0.321296 0.550000 0.468519
1165 person 0.989280 0.800000 0.076852 0.194444 0.951852
1165 wheelchair 0.939242 0.778472 0.468519 0.225694 0.492593
1165 bed 0.994049 0.381944 0.319444 0.547917 0.470370
1177 person 0.995686 0.737500 0.213889 0.259028 0.711111
1177 wheelchair 0.853009 0.737500 0.475926 0.245139 0.473148
1177 bed 0.995543 0.377083 0.312037 0.552778 0.482407
1188 person 0.997382 0.665278 0.223148 0.288194 0.708333
1188 wheelchair 0.900599 0.668056 0.388889 0.334028 0.528704
1188 bed 0.982795 0.355556 0.319444 0.566667 0.475926
1194 person 0.984825 0.629167 0.227778 0.302778 0.696296
1194 wheelchair 0.896903 0.629167 0.391667 0.357639 0.537963
1194 bed 0.955242 0.343750 0.316667 0.581250 0.492593
1218 person 0.904490 0.441667 0.259259 0.360417 0.650926
1218 bed 0.914759 0.381944 0.271296 0.495139 0.602778
1218 wheelchair 0.901944 0.461111 0.475926 0.350694 0.458333
1230 person 0.991815 0.413194 0.307407 0.304861 0.566667
1230 wheelchair 0.927690 0.425000 0.492593 0.329167 0.453704
1230 bed 0.969290 0.367361 0.307407 0.554861 0.497222
1240 person 0.989988 0.375000 0.348148 0.268750 0.569444
1240 wheelchair 0.607842 0.379167 0.545370 0.297917 0.369444
1240 bed 0.989571 0.396528 0.328704 0.500000 0.451852
1248 person 0.988064 0.285417 0.369444 0.259028 0.583333
1248 wheelchair 0.699245 0.261806 0.566667 0.367361 0.422222
1248 bed 0.989628 0.384028 0.336111 0.511806 0.427778
1257 person 0.970674 0.179861 0.350926 0.276389 0.617593
1257 wheelchair 0.888243 0.189583 0.607407 0.319444 0.372222
1257 bed 0.987987 0.319444 0.328704 0.617361 0.446296
1282 person 0.927323 0.000000 0.364815 0.187500 0.631481
1282 wheelchair 0.944583 0.004167 0.605556 0.268750 0.393519
1282 bed 0.997739 0.350694 0.326852 0.557639 0.461111
1285 person 0.786133 0.000000 0.364815 0.146528 0.626852
1285 wheelchair 0.980489 0.002083 0.605556 0.252083 0.396296
1285 bed 0.997867 0.350694 0.324074 0.557639 0.463889
1295 wheelchair 0.707789 0.009028 0.629630 0.168056 0.352778
1295 bed 0.997897 0.350694 0.326852 0.562500 0.458333
1300 bed 0.997975 0.350694 0.324074 0.562500 0.461111
1300 wheelchair 0.216977 0.000000 0.598148 0.206250 0.384259
1321 bed 0.997991 0.347917 0.326852 0.564583 0.461111
1337 bed 0.998329 0.350694 0.324074 0.562500 0.463889
1359 person 0.524680 0.785417 0.388889 0.232639 0.540741
1359 bed 0.998919 0.343750 0.331481 0.590972 0.446296
1383 person 0.580250 0.790278 0.360185 0.232639 0.571296
1383 bed 0.998638 0.343750 0.328704 0.586111 0.451852
1392 bed 0.998394 0.350694 0.326852 0.562500 0.461111
1393 bed 0.997880 0.350694 0.326852 0.562500 0.461111
1402 bed 0.998167 0.347917 0.326852 0.562500 0.458333
1404 bed 0.998189 0.347917 0.326852 0.564583 0.458333
1421 bed 0.998236 0.347917 0.326852 0.566667 0.458333
1428 bed 0.998288 0.345833 0.328704 0.571528 0.453704
1428 person 0.261924 0.870139 0.381481 0.125000 0.540741
1443 person 0.298970 0.850694 0.364815 0.151389 0.586111
1443 bed 0.997809 0.343750 0.328704 0.581250 0.453704
1463 bed 0.998404 0.343750 0.328704 0.586111 0.453704
1466 bed 0.998278 0.343750 0.328704 0.593750 0.451852
1467 bed 0.998239 0.343750 0.328704 0.590972 0.451852
1491 bed 0.997908 0.347917 0.326852 0.569444 0.458333
