0 bed 0.967761 0.000000 0.000000 1.011806 1.095370
21 bed 0.498783 0.000000 0.000000 1.127083 1.223148
40 personsleep 0.854505 0.273611 0.547222 0.593750 0.348148
40 bed 0.805358 0.242361 0.523148 0.651389 0.396296
40 wheelchair 0.976582 0.643750 0.468519 0.350694 0.533333
43 personsleep 0.211995 0.191667 0.477778 0.732639 0.480556
43 bed 0.422199 0.047917 0.000000 1.006944 1.261111
43 wheelchair 0.897991 0.625000 0.449074 0.365278 0.566667
62 personsleep 0.871109 0.261806 0.542593 0.607639 0.348148
62 wheelchair 0.986546 0.627083 0.477778 0.372222 0.521296
62 bed 0.808458 0.213889 0.509259 0.704167 0.434259
68 personsleep 0.849840 0.254167 0.574074 0.593750 0.251852
68 wheelchair 0.993371 0.620139 0.468519 0.375000 0.547222
68 bed 0.986414 0.196528 0.458333 0.713889 0.535185
72 personsleep 0.850171 0.256944 0.574074 0.588889 0.250000
72 wheelchair 0.993772 0.620139 0.465741 0.372222 0.550000
72 bed 0.985392 0.199306 0.461111 0.709028 0.533333
80 personsleep 0.840102 0.254167 0.576852 0.590972 0.244444
80 wheelchair 0.993851 0.620139 0.470370 0.375000 0.545370
80 bed 0.991706 0.191667 0.456481 0.722917 0.545370
92 personsleep 0.817240 0.254167 0.576852 0.590972 0.247222
92 wheelchair 0.994624 0.620139 0.468519 0.377083 0.550000
92 bed 0.990204 0.191667 0.453704 0.718750 0.545370
100 personsleep 0.833147 0.254167 0.578704 0.588889 0.242593
100 wheelchair 0.994326 0.622222 0.473148 0.375000 0.542593
100 bed 0.991122 0.191667 0.456481 0.718750 0.545370
105 personsleep 0.822084 0.259028 0.576852 0.584028 0.244444
105 wheelchair 0.993985 0.620139 0.470370 0.377083 0.547222
105 bed 0.992015 0.189583 0.453704 0.727778 0.550000
123 personsleep 0.846383 0.263889 0.581481 0.569444 0.239815
123 wheelchair 0.994621 0.620139 0.473148 0.379167 0.540741
123 bed 0.991283 0.191667 0.453704 0.718750 0.547222
124 personsleep 0.852553 0.261806 0.581481 0.574306 0.239815
124 wheelchair 0.994610 0.620139 0.473148 0.377083 0.540741
124 bed 0.991478 0.191667 0.453704 0.720833 0.547222
125 personsleep 0.848267 0.263889 0.581481 0.571528 0.239815
125 wheelchair 0.994652 0.620139 0.470370 0.377083 0.542593
125 bed 0.991348 0.191667 0.453704 0.718750 0.547222
149 personsleep 0.843743 0.259028 0.576852 0.581250 0.244444
149 wheelchair 0.994970 0.620139 0.465741 0.377083 0.552778
149 bed 0.993443 0.189583 0.449074 0.725694 0.557407
173 personsleep 0.803339 0.259028 0.576852 0.581250 0.244444
173 wheelchair 0.994796 0.620139 0.463889 0.377083 0.552778
173 bed 0.993307 0.184722 0.446296 0.735417 0.559259
174 personsleep 0.808859 0.256944 0.578704 0.584028 0.244444
174 wheelchair 0.994870 0.620139 0.465741 0.379167 0.550000
174 bed 0.993472 0.184722 0.449074 0.735417 0.557407
180 personsleep 0.834230 0.259028 0.578704 0.581250 0.242593
180 wheelchair 0.995056 0.620139 0.468519 0.377083 0.550000
180 bed 0.993274 0.184722 0.449074 0.732639 0.557407
189 personsleep 0.835398 0.261806 0.578704 0.571528 0.242593
189 wheelchair 0.994614 0.622222 0.465741 0.375000 0.550000
189 bed 0.992205 0.189583 0.449074 0.725694 0.552778
196 personsleep 0.824824 0.261806 0.578704 0.574306 0.242593
196 wheelchair 0.994719 0.620139 0.468519 0.377083 0.545370
196 bed 0.992526 0.184722 0.449074 0.732639 0.554630
209 personsleep 0.866207 0.254167 0.581481 0.593750 0.237963
209 wheelchair 0.994823 0.620139 0.468519 0.377083 0.547222
209 bed 0.992776 0.187500 0.453704 0.730556 0.547222
221 personsleep 0.794807 0.222917 0.557407 0.648611 0.247222
221 wheelchair 0.995867 0.622222 0.468519 0.375000 0.542593
221 bed 0.994257 0.179861 0.444444 0.740278 0.566667
237 personsleep 0.805655 0.237500 0.547222 0.579167 0.268519
237 wheelchair 0.996345 0.622222 0.475926 0.375000 0.530556
237 bed 0.996076 0.175000 0.441667 0.754167 0.578704
258 personsleep 0.957183 0.240278 0.540741 0.574306 0.278704
258 wheelchair 0.996925 0.625000 0.458333 0.375000 0.552778
258 bed 0.995644 0.170139 0.415741 0.759028 0.619444
263 personsleep 0.916647 0.209028 0.537963 0.631944 0.285185
263 wheelchair 0.997249 0.620139 0.458333 0.379167 0.552778
263 bed 0.995897 0.163194 0.417593 0.776389 0.614815
268 personsleep 0.971388 0.213889 0.523148 0.615278 0.307407
268 wheelchair 0.997163 0.617361 0.461111 0.379167 0.542593
268 bed 0.997029 0.156250 0.420370 0.788194 0.605556
283 personsleep 0.979659 0.211111 0.528704 0.612500 0.300000
283 wheelchair 0.997121 0.617361 0.458333 0.379167 0.547222
283 bed 0.996976 0.163194 0.420370 0.773611 0.600926
295 personsleep 0.961155 0.211111 0.525926 0.612500 0.307407
295 wheelchair 0.997292 0.612500 0.463889 0.386806 0.542593
295 bed 0.995176 0.160417 0.420370 0.776389 0.605556
298 personsleep 0.967406 0.222917 0.523148 0.584028 0.307407
298 wheelchair 0.997441 0.607639 0.463889 0.393750 0.540741
298 bed 0.995917 0.153472 0.422222 0.788194 0.602778
302 personsleep 0.938117 0.237500 0.516667 0.557639 0.324074
302 wheelchair 0.997429 0.607639 0.461111 0.396528 0.540741
302 bed 0.995760 0.153472 0.422222 0.793056 0.590741
314 personsleep 0.566981 0.278472 0.506481 0.531250 0.319444
314 person 0.706857 0.268750 0.513889 0.513889 0.312037
314 wheelchair 0.997504 0.607639 0.461111 0.396528 0.540741
314 bed 0.994496 0.110417 0.441667 0.872222 0.562037
322 person 0.981130 0.336111 0.449074 0.437500 0.410185
322 wheelchair 0.997712 0.600694 0.461111 0.406250 0.537963
322 bed 0.990600 0.095833 0.475926 0.903472 0.501852
338 person 0.994252 0.375000 0.427778 0.386806 0.441667
338 wheelchair 0.997648 0.595833 0.461111 0.410417 0.537963
338 bed 0.988225 0.110417 0.480556 0.877083 0.497222
352 person 0.945269 0.357639 0.400926 0.422917 0.412963
352 wheelchair 0.997155 0.597917 0.456481 0.406250 0.545370
352 bed 0.986269 0.125000 0.441667 0.843750 0.559259
364 person 0.995269 0.379167 0.333333 0.403472 0.501852
364 wheelchair 0.996635 0.597917 0.456481 0.406250 0.542593
364 bed 0.984761 0.097917 0.415741 0.896528 0.600926
388 person 0.993896 0.401389 0.278704 0.352778 0.571296
388 wheelchair 0.996731 0.600694 0.477778 0.401389 0.509259
388 bed 0.987942 0.090972 0.432407 0.910417 0.574074
410 person 0.966836 0.413194 0.225926 0.377083 0.658333
410 wheelchair 0.997697 0.597917 0.470370 0.408333 0.516667
410 bed 0.989135 0.081250 0.427778 0.934722 0.574074
432 person 0.995140 0.485417 0.215741 0.304861 0.670370
432 wheelchair 0.996039 0.602778 0.475926 0.401389 0.511111
432 bed 0.989226 0.102778 0.427778 0.891667 0.569444
437 person 0.994895 0.497222 0.208333 0.278472 0.672222
437 wheelchair 0.997370 0.607639 0.475926 0.398611 0.511111
437 bed 0.988035 0.102778 0.422222 0.893750 0.581481
439 person 0.994413 0.502083 0.211111 0.273611 0.667593
439 wheelchair 0.997182 0.607639 0.475926 0.398611 0.513889
439 bed 0.986835 0.095833 0.420370 0.903472 0.588889
448 person 0.995084 0.511806 0.215741 0.266667 0.660185
448 wheelchair 0.996964 0.607639 0.473148 0.396528 0.516667
448 bed 0.987894 0.093750 0.412963 0.908333 0.595370
459 person 0.996656 0.516667 0.237963 0.266667 0.634259
459 wheelchair 0.996716 0.605556 0.473148 0.401389 0.513889
459 bed 0.986939 0.090972 0.417593 0.913194 0.590741
464 person 0.997090 0.518750 0.251852 0.266667 0.607407
464 wheelchair 0.996916 0.607639 0.477778 0.401389 0.511111
464 bed 0.986630 0.093750 0.415741 0.910417 0.595370
476 person 0.997484 0.516667 0.268519 0.266667 0.593518
476 wheelchair 0.997319 0.610417 0.473148 0.396528 0.518519
476 bed 0.988939 0.100694 0.408333 0.893750 0.607407
499 person 0.997370 0.516667 0.261111 0.271528 0.600926
499 wheelchair 0.997029 0.610417 0.470370 0.398611 0.521296
499 bed 0.988949 0.097917 0.410185 0.898611 0.602778
513 person 0.996694 0.500000 0.235185 0.283333 0.626852
513 wheelchair 0.997017 0.605556 0.477778 0.401389 0.509259
513 bed 0.986930 0.095833 0.427778 0.906250 0.574074
523 person 0.987661 0.459028 0.225926 0.336111 0.641667
523 wheelchair 0.996975 0.597917 0.482407 0.413194 0.501852
523 bed 0.985155 0.100694 0.439815 0.898611 0.552778
541 person 0.984838 0.334028 0.388889 0.468750 0.425000
541 wheelchair 0.996595 0.602778 0.458333 0.401389 0.545370
541 bed 0.993425 0.102778 0.451852 0.888889 0.547222
549 personsleep 0.769810 0.232639 0.513889 0.588889 0.283333
549 wheelchair 0.996676 0.610417 0.461111 0.388889 0.550000
549 bed 0.996662 0.110417 0.439815 0.872222 0.564815
564 personsleep 0.693855 0.240278 0.571296 0.617361 0.254630
564 wheelchair 0.994916 0.620139 0.468519 0.379167 0.545370
564 bed 0.995634 0.168056 0.449074 0.763889 0.562037
573 personsleep 0.827317 0.220833 0.576852 0.612500 0.250000
573 wheelchair 0.994538 0.622222 0.470370 0.372222 0.542593
573 bed 0.992128 0.187500 0.451852 0.730556 0.554630
593 personsleep 0.855931 0.230556 0.581481 0.588889 0.239815
593 wheelchair 0.994663 0.622222 0.473148 0.375000 0.542593
593 bed 0.992534 0.184722 0.451852 0.730556 0.552778
614 personsleep 0.867137 0.225694 0.581481 0.597917 0.239815
614 wheelchair 0.994350 0.622222 0.470370 0.375000 0.545370
614 bed 0.993247 0.179861 0.451852 0.740278 0.554630
636 personsleep 0.785814 0.215972 0.571296 0.617361 0.251852
636 wheelchair 0.995591 0.620139 0.468519 0.377083 0.542593
636 bed 0.995297 0.177778 0.446296 0.745139 0.564815
646 personsleep 0.806485 0.222917 0.571296 0.607639 0.254630
646 wheelchair 0.996432 0.622222 0.470370 0.375000 0.537963
646 bed 0.994854 0.175000 0.451852 0.754167 0.562037
649 personsleep 0.852554 0.222917 0.552778 0.602778 0.256481
649 wheelchair 0.996649 0.617361 0.468519 0.379167 0.540741
649 bed 0.996270 0.170139 0.441667 0.763889 0.578704
662 personsleep 0.928778 0.222917 0.571296 0.595833 0.259259
662 wheelchair 0.996532 0.622222 0.468519 0.375000 0.535185
662 bed 0.995511 0.165278 0.444444 0.766667 0.569444
664 personsleep 0.926906 0.213889 0.566667 0.615278 0.266667
664 wheelchair 0.996640 0.622222 0.470370 0.377083 0.533333
664 bed 0.992911 0.177778 0.444444 0.742361 0.566667
683 personsleep 0.971529 0.199306 0.525926 0.631944 0.302778
683 wheelchair 0.996405 0.620139 0.463889 0.381944 0.542593
683 bed 0.996697 0.151389 0.432407 0.797917 0.588889
702 personsleep 0.951565 0.206250 0.528704 0.617361 0.302778
702 wheelchair 0.997418 0.615278 0.458333 0.381944 0.547222
702 bed 0.993575 0.163194 0.417593 0.771528 0.610185
715 personsleep 0.952354 0.235417 0.523148 0.559722 0.309259
715 wheelchair 0.996882 0.607639 0.456481 0.393750 0.550000
715 bed 0.995593 0.153472 0.425000 0.788194 0.595370
727 personsleep 0.967933 0.250000 0.513889 0.543056 0.324074
727 wheelchair 0.997248 0.610417 0.463889 0.391667 0.540741
727 bed 0.994998 0.156250 0.422222 0.785417 0.598148
736 person 0.878931 0.307639 0.485185 0.475694 0.350926
736 wheelchair 0.997428 0.602778 0.458333 0.398611 0.542593
736 bed 0.990836 0.110417 0.453704 0.875000 0.542593
739 person 0.960181 0.326389 0.461111 0.454167 0.391667
739 wheelchair 0.997495 0.600694 0.461111 0.406250 0.537963
739 bed 0.988292 0.102778 0.463889 0.886806 0.521296
754 person 0.990725 0.345833 0.412963 0.427778 0.453704
754 wheelchair 0.997479 0.595833 0.458333 0.410417 0.542593
754 bed 0.986534 0.097917 0.465741 0.898611 0.518519
772 person 0.942164 0.355556 0.408333 0.429861 0.398148
772 wheelchair 0.996862 0.595833 0.461111 0.408333 0.540741
772 bed 0.988644 0.110417 0.456481 0.870139 0.547222
778 person 0.965622 0.367361 0.391667 0.418056 0.427778
778 wheelchair 0.997000 0.597917 0.458333 0.406250 0.542593
778 bed 0.984810 0.110417 0.444444 0.870139 0.562037
793 person 0.991574 0.379167 0.367593 0.398611 0.458333
793 wheelchair 0.997023 0.597917 0.461111 0.403472 0.537963
793 bed 0.983757 0.107639 0.425000 0.877083 0.593518
800 person 0.992378 0.386806 0.355556 0.379167 0.477778
800 wheelchair 0.997365 0.595833 0.465741 0.406250 0.533333
800 bed 0.988151 0.102778 0.415741 0.886806 0.612963
813 person 0.994931 0.415278 0.328704 0.347917 0.518519
813 wheelchair 0.997359 0.600694 0.473148 0.403472 0.513889
813 bed 0.985513 0.102778 0.420370 0.888889 0.598148
829 person 0.981924 0.454167 0.242593 0.329167 0.629630
829 wheelchair 0.996852 0.605556 0.475926 0.401389 0.506481
829 bed 0.984922 0.088889 0.434259 0.915278 0.564815
834 person 0.974607 0.422917 0.223148 0.352778 0.662963
834 wheelchair 0.997025 0.602778 0.477778 0.401389 0.504630
834 bed 0.988602 0.095833 0.432407 0.908333 0.569444
854 person 0.993250 0.477778 0.215741 0.307639 0.662963
854 wheelchair 0.995899 0.605556 0.475926 0.398611 0.513889
854 bed 0.990964 0.107639 0.434259 0.888889 0.562037
856 person 0.991986 0.482639 0.211111 0.300000 0.667593
856 wheelchair 0.996068 0.600694 0.477778 0.406250 0.511111
856 bed 0.989253 0.100694 0.437037 0.898611 0.557407
869 person 0.995774 0.516667 0.213889 0.268750 0.662963
869 wheelchair 0.996776 0.610417 0.470370 0.398611 0.521296
869 bed 0.990419 0.095833 0.417593 0.908333 0.590741
890 person 0.997449 0.521528 0.250000 0.266667 0.605556
890 wheelchair 0.996020 0.607639 0.477778 0.401389 0.511111
890 bed 0.989541 0.093750 0.415741 0.910417 0.593518
911 person 0.997512 0.523611 0.256481 0.261806 0.598148
911 wheelchair 0.996206 0.610417 0.480556 0.398611 0.511111
911 bed 0.988631 0.097917 0.415741 0.906250 0.595370
933 person 0.997331 0.523611 0.247222 0.261806 0.612963
933 wheelchair 0.995964 0.610417 0.477778 0.401389 0.513889
933 bed 0.988363 0.090972 0.415741 0.918056 0.590741
941 person 0.997075 0.521528 0.235185 0.261806 0.626852
941 wheelchair 0.996139 0.607639 0.480556 0.401389 0.511111
941 bed 0.988625 0.090972 0.417593 0.915278 0.590741
958 person 0.996182 0.492361 0.218519 0.300000 0.653704
958 wheelchair 0.996513 0.607639 0.477778 0.398611 0.511111
958 bed 0.988600 0.100694 0.427778 0.901389 0.571296
966 person 0.986266 0.454167 0.218519 0.345833 0.658333
966 wheelchair 0.996269 0.602778 0.477778 0.406250 0.511111
966 bed 0.988335 0.105556 0.434259 0.891667 0.559259
990 personsleep 0.757055 0.235417 0.513889 0.584028 0.283333
990 wheelchair 0.995961 0.615278 0.465741 0.384028 0.547222
990 bed 0.996717 0.110417 0.441667 0.875000 0.564815
995 personsleep 0.880886 0.220833 0.550000 0.656250 0.250000
995 wheelchair 0.995225 0.625000 0.468519 0.372222 0.547222
995 bed 0.996012 0.163194 0.429630 0.773611 0.598148
1001 personsleep 0.795338 0.247222 0.578704 0.602778 0.242593
1001 wheelchair 0.994815 0.625000 0.470370 0.370139 0.542593
1001 bed 0.993154 0.182639 0.451852 0.740278 0.554630
1009 personsleep 0.838556 0.250000 0.578704 0.595833 0.244444
1009 wheelchair 0.994790 0.625000 0.470370 0.370139 0.542593
1009 bed 0.992060 0.184722 0.456481 0.735417 0.547222
1010 personsleep 0.849250 0.222917 0.578704 0.605556 0.244444
1010 wheelchair 0.994908 0.622222 0.470370 0.372222 0.542593
1010 bed 0.992558 0.184722 0.453704 0.735417 0.550000
1030 personsleep 0.878922 0.256944 0.583333 0.586111 0.235185
1030 wheelchair 0.994848 0.622222 0.470370 0.372222 0.542593
1030 bed 0.991662 0.184722 0.458333 0.735417 0.542593
1031 personsleep 0.855795 0.256944 0.581481 0.584028 0.239815
1031 wheelchair 0.994856 0.622222 0.470370 0.372222 0.542593
1031 bed 0.991901 0.184722 0.456481 0.735417 0.547222
1042 personsleep 0.861261 0.250000 0.581481 0.597917 0.237963
1042 wheelchair 0.994576 0.625000 0.465741 0.370139 0.550000
1042 bed 0.991801 0.187500 0.456481 0.732639 0.545370
1049 personsleep 0.815238 0.247222 0.578704 0.600694 0.239815
1049 wheelchair 0.995966 0.622222 0.465741 0.375000 0.545370
1049 bed 0.993009 0.179861 0.451852 0.742361 0.554630
1071 personsleep 0.868238 0.227778 0.554630 0.593750 0.250000
1071 wheelchair 0.996950 0.620139 0.473148 0.377083 0.533333
1071 bed 0.995952 0.168056 0.441667 0.768750 0.576852
1088 personsleep 0.937919 0.237500 0.540741 0.617361 0.268519
1088 wheelchair 0.997266 0.622222 0.453704 0.372222 0.562037
1088 bed 0.994138 0.179861 0.417593 0.742361 0.612963
1090 personsleep 0.951366 0.222917 0.540741 0.605556 0.278704
1090 wheelchair 0.997313 0.620139 0.453704 0.372222 0.562037
1090 bed 0.994887 0.170139 0.417593 0.759028 0.614815
1100 personsleep 0.970315 0.196528 0.525926 0.648611 0.300000
1100 wheelchair 0.997282 0.620139 0.456481 0.375000 0.554630
1100 bed 0.996190 0.165278 0.425000 0.768750 0.598148
1122 personsleep 0.902480 0.194444 0.530556 0.643750 0.297222
1122 wheelchair 0.997327 0.610417 0.456481 0.388889 0.554630
1122 bed 0.995725 0.160417 0.427778 0.778472 0.598148
1136 personsleep 0.911962 0.235417 0.554630 0.569444 0.290741
1136 wheelchair 0.997285 0.600694 0.463889 0.403472 0.542593
1136 bed 0.995088 0.165278 0.429630 0.768750 0.588889
1160 person 0.985268 0.347917 0.451852 0.422917 0.396296
1160 wheelchair 0.997804 0.588889 0.465741 0.420139 0.533333
1160 bed 0.987735 0.105556 0.468519 0.886806 0.513889
1161 person 0.989308 0.343750 0.451852 0.427778 0.398148
1161 wheelchair 0.997636 0.586111 0.465741 0.425000 0.533333
1161 bed 0.989425 0.100694 0.477778 0.898611 0.497222
1168 person 0.991889 0.355556 0.429630 0.415278 0.422222
1168 wheelchair 0.996977 0.588889 0.465741 0.420139 0.533333
1168 bed 0.987316 0.102778 0.480556 0.888889 0.494444
1177 person 0.992760 0.362500 0.415741 0.410417 0.444444
1177 wheelchair 0.997280 0.595833 0.461111 0.410417 0.537963
1177 bed 0.987090 0.105556 0.473148 0.884028 0.511111
1195 person 0.975233 0.377083 0.391667 0.415278 0.425000
1195 wheelchair 0.996904 0.593750 0.465741 0.410417 0.530556
1195 bed 0.985305 0.102778 0.451852 0.886806 0.550000
1200 person 0.984119 0.377083 0.396296 0.418056 0.415741
1200 wheelchair 0.997159 0.597917 0.468519 0.406250 0.523148
1200 bed 0.978300 0.107639 0.451852 0.875000 0.554630
1222 person 0.993695 0.401389 0.336111 0.350694 0.516667
1222 wheelchair 0.997285 0.605556 0.473148 0.393750 0.516667
1222 bed 0.984659 0.102778 0.410185 0.884028 0.614815
1224 person 0.992909 0.406250 0.314815 0.343750 0.540741
1224 wheelchair 0.997260 0.605556 0.475926 0.396528 0.513889
1224 bed 0.985633 0.100694 0.415741 0.888889 0.605556
1225 person 0.992329 0.415278 0.287963 0.329167 0.566667
1225 wheelchair 0.997363 0.602778 0.475926 0.398611 0.518519
1225 bed 0.985161 0.095833 0.412963 0.903472 0.605556
1236 person 0.961480 0.420139 0.232407 0.370139 0.648148
1236 wheelchair 0.997132 0.607639 0.482407 0.396528 0.497222
1236 bed 0.981256 0.097917 0.441667 0.896528 0.552778
1252 person 0.978185 0.437500 0.213889 0.326389 0.675000
1252 wheelchair 0.996821 0.602778 0.485185 0.406250 0.501852
1252 bed 0.987892 0.093750 0.434259 0.913194 0.566667
1258 person 0.989103 0.482639 0.201852 0.302778 0.684259
1258 wheelchair 0.996093 0.610417 0.477778 0.391667 0.506481
1258 bed 0.983547 0.097917 0.432407 0.903472 0.562037
1281 person 0.995988 0.518750 0.230556 0.259028 0.636111
1281 wheelchair 0.997022 0.605556 0.482407 0.406250 0.501852
1281 bed 0.982327 0.095833 0.415741 0.903472 0.590741
1304 person 0.997139 0.521528 0.239815 0.259028 0.629630
1304 wheelchair 0.997440 0.610417 0.482407 0.398611 0.504630
1304 bed 0.981562 0.100694 0.415741 0.896528 0.598148
1306 person 0.996872 0.521528 0.237963 0.256944 0.634259
1306 wheelchair 0.997394 0.607639 0.487963 0.401389 0.497222
1306 bed 0.981197 0.097917 0.417593 0.898611 0.593518
1316 person 0.996812 0.521528 0.239815 0.256944 0.629630
1316 wheelchair 0.997292 0.610417 0.485185 0.398611 0.501852
1316 bed 0.981448 0.102778 0.417593 0.893750 0.593518
1334 person 0.996767 0.521528 0.237963 0.256944 0.631481
1334 wheelchair 0.997389 0.605556 0.482407 0.403472 0.501852
1334 bed 0.983292 0.097917 0.415741 0.898611 0.595370
1341 person 0.996520 0.518750 0.232407 0.256944 0.636111
1341 wheelchair 0.997157 0.607639 0.485185 0.403472 0.501852
1341 bed 0.981079 0.097917 0.415741 0.898611 0.593518
1362 person 0.996315 0.516667 0.218519 0.259028 0.662963
1362 wheelchair 0.997349 0.607639 0.482407 0.401389 0.501852
1362 bed 0.983563 0.095833 0.415741 0.903472 0.593518
1370 person 0.994485 0.511806 0.201852 0.266667 0.687037
1370 wheelchair 0.997724 0.605556 0.482407 0.406250 0.504630
1370 bed 0.986253 0.100694 0.420370 0.893750 0.586111
1372 person 0.994695 0.506944 0.199074 0.273611 0.694444
1372 wheelchair 0.997837 0.605556 0.480556 0.406250 0.504630
1372 bed 0.987607 0.102778 0.422222 0.891667 0.583333
1379 person 0.993849 0.492361 0.201852 0.293056 0.682407
1379 wheelchair 0.997712 0.602778 0.487963 0.406250 0.497222
1379 bed 0.985693 0.107639 0.434259 0.884028 0.562037
1389 person 0.989187 0.475694 0.194444 0.314583 0.696296
1389 wheelchair 0.997410 0.605556 0.482407 0.403472 0.501852
1389 bed 0.987184 0.110417 0.429630 0.881944 0.566667
1402 person 0.977796 0.456250 0.201852 0.336111 0.684259
1402 wheelchair 0.997440 0.602778 0.480556 0.406250 0.501852
1402 bed 0.987188 0.105556 0.437037 0.888889 0.552778
1414 person 0.969304 0.398611 0.232407 0.398611 0.638889
1414 wheelchair 0.997101 0.593750 0.480556 0.415278 0.504630
1414 bed 0.987106 0.093750 0.444444 0.913194 0.545370
1424 person 0.996042 0.360417 0.326852 0.434722 0.492593
1424 wheelchair 0.997013 0.597917 0.473148 0.406250 0.521296
1424 bed 0.985955 0.102778 0.441667 0.891667 0.557407
1445 person 0.916351 0.247222 0.456481 0.557639 0.360185
1445 wheelchair 0.995907 0.605556 0.468519 0.398611 0.537963
1445 bed 0.994655 0.093750 0.465741 0.906250 0.525926
1450 personsleep 0.915123 0.218750 0.545370 0.607639 0.247222
1450 wheelchair 0.996046 0.612500 0.470370 0.388889 0.540741
1450 bed 0.997554 0.115278 0.444444 0.865278 0.562037
1473 personsleep 0.700964 0.209028 0.586111 0.622222 0.227778
1473 wheelchair 0.994416 0.620139 0.470370 0.379167 0.542593
1473 bed 0.994324 0.168056 0.449074 0.761806 0.562037
1494 personsleep 0.855445 0.225694 0.588889 0.590972 0.223148
1494 wheelchair 0.994219 0.622222 0.473148 0.377083 0.542593
1494 bed 0.993501 0.179861 0.453704 0.742361 0.552778
1497 personsleep 0.825418 0.225694 0.588889 0.590972 0.220370
1497 wheelchair 0.994592 0.620139 0.473148 0.379167 0.542593
1497 bed 0.994314 0.177778 0.453704 0.745139 0.552778
1522 personsleep 0.817095 0.215972 0.588889 0.610417 0.220370
1522 wheelchair 0.994369 0.620139 0.470370 0.377083 0.545370
1522 bed 0.994291 0.177778 0.451852 0.745139 0.554630
1529 personsleep 0.809113 0.218750 0.588889 0.602778 0.220370
1529 wheelchair 0.994602 0.622222 0.473148 0.377083 0.540741
1529 bed 0.993591 0.177778 0.451852 0.742361 0.552778
1538 personsleep 0.794474 0.215972 0.588889 0.612500 0.223148
1538 wheelchair 0.994533 0.622222 0.473148 0.375000 0.540741
1538 bed 0.993765 0.179861 0.456481 0.742361 0.547222
1544 personsleep 0.778317 0.215972 0.588889 0.612500 0.223148
1544 wheelchair 0.994673 0.622222 0.473148 0.375000 0.540741
1544 bed 0.993670 0.182639 0.453704 0.737500 0.550000
1563 personsleep 0.732716 0.211111 0.583333 0.617361 0.230556
1563 wheelchair 0.995578 0.620139 0.470370 0.377083 0.540741
1563 bed 0.994859 0.182639 0.444444 0.732639 0.569444
1588 personsleep 0.862784 0.215972 0.540741 0.610417 0.259259
1588 wheelchair 0.995527 0.617361 0.465741 0.379167 0.547222
1588 bed 0.996462 0.134028 0.437037 0.824306 0.571296
1608 personsleep 0.894282 0.247222 0.518519 0.543056 0.278704
1608 person 0.227199 0.220833 0.446296 0.595833 0.393519
1608 wheelchair 0.995612 0.612500 0.463889 0.386806 0.554630
1608 bed 0.996765 0.120139 0.437037 0.852778 0.576852
1625 personsleep 0.887050 0.179861 0.545370 0.675000 0.266667
1625 wheelchair 0.994860 0.617361 0.468519 0.379167 0.550000
1625 bed 0.996221 0.156250 0.425000 0.785417 0.598148
1645 personsleep 0.886974 0.196528 0.576852 0.638889 0.244444
1645 wheelchair 0.994401 0.620139 0.473148 0.377083 0.542593
1645 bed 0.994920 0.177778 0.437037 0.742361 0.583333
1650 personsleep 0.876429 0.211111 0.540741 0.622222 0.259259
1650 wheelchair 0.995443 0.615278 0.468519 0.384028 0.547222
1650 bed 0.996243 0.146528 0.427778 0.802778 0.593518
1674 person 0.927641 0.240278 0.449074 0.564583 0.374074
1674 wheelchair 0.995831 0.607639 0.458333 0.391667 0.559259
1674 bed 0.993941 0.093750 0.456481 0.903472 0.545370
1682 personsleep 0.781938 0.187500 0.564815 0.672917 0.227778
1682 wheelchair 0.994147 0.625000 0.463889 0.372222 0.557407
1682 bed 0.994968 0.172917 0.434259 0.752083 0.586111
1689 personsleep 0.772329 0.209028 0.586111 0.629167 0.227778
1689 wheelchair 0.994545 0.622222 0.465741 0.375000 0.554630
1689 bed 0.994021 0.184722 0.453704 0.732639 0.550000
1704 personsleep 0.800076 0.213889 0.583333 0.617361 0.232407
1704 wheelchair 0.994422 0.620139 0.468519 0.377083 0.547222
1704 bed 0.995086 0.179861 0.451852 0.740278 0.557407
1713 personsleep 0.782385 0.196528 0.552778 0.653472 0.254630
1713 wheelchair 0.994701 0.622222 0.461111 0.377083 0.559259
1713 bed 0.996358 0.172917 0.434259 0.750000 0.588889
1721 personsleep 0.905909 0.170139 0.547222 0.701389 0.256481
1721 wheelchair 0.994759 0.620139 0.463889 0.379167 0.554630
1721 bed 0.996448 0.151389 0.425000 0.790278 0.598148
1736 personsleep 0.792526 0.177778 0.559259 0.687500 0.242593
1736 wheelchair 0.995051 0.622222 0.463889 0.377083 0.554630
1736 bed 0.996687 0.163194 0.432407 0.768750 0.586111
1753 personsleep 0.623492 0.189583 0.554630 0.668056 0.251852
1753 wheelchair 0.994576 0.620139 0.465741 0.379167 0.554630
1753 bed 0.996308 0.175000 0.441667 0.750000 0.578704
1775 personsleep 0.766690 0.215972 0.588889 0.610417 0.225926
1775 wheelchair 0.993670 0.620139 0.465741 0.377083 0.552778
1775 bed 0.994464 0.179861 0.451852 0.740278 0.557407
1794 personsleep 0.708734 0.213889 0.583333 0.620139 0.232407
1794 wheelchair 0.994381 0.620139 0.468519 0.377083 0.552778
1794 bed 0.994140 0.184722 0.451852 0.732639 0.557407
