0 bed 0.940218 0.071528 0.000000 0.843750 1.125000
39 person 0.979023 0.487500 0.206481 0.146528 0.521296
39 bed 0.990412 0.115278 0.254630 0.355556 0.290741
39 wheelchair 0.968064 0.480556 0.388889 0.153472 0.331481
39 crane 0.960238 0.002083 0.102778 0.156250 0.593518
43 person 0.979961 0.487500 0.194444 0.143750 0.545370
43 bed 0.991376 0.115278 0.251852 0.357639 0.295370
43 wheelchair 0.972747 0.480556 0.388889 0.153472 0.331481
43 crane 0.961551 0.002083 0.098148 0.153472 0.598148
67 person 0.992618 0.500000 0.194444 0.125000 0.511111
67 bed 0.994257 0.117361 0.254630 0.350694 0.295370
67 wheelchair 0.986690 0.485417 0.403704 0.148611 0.312037
67 crane 0.960895 0.002083 0.100926 0.153472 0.593518
82 person 0.992264 0.497222 0.189815 0.125000 0.523148
82 bed 0.995387 0.117361 0.254630 0.350694 0.295370
82 wheelchair 0.988547 0.482639 0.403704 0.151389 0.309259
82 crane 0.962228 0.002083 0.105556 0.153472 0.586111
103 person 0.984191 0.500000 0.177778 0.122222 0.576852
103 bed 0.995984 0.117361 0.254630 0.352778 0.295370
103 wheelchair 0.986861 0.482639 0.403704 0.151389 0.314815
103 crane 0.965845 0.002083 0.102778 0.153472 0.588889
120 person 0.987544 0.500000 0.194444 0.122222 0.516667
120 bed 0.995539 0.117361 0.251852 0.352778 0.297222
120 wheelchair 0.989214 0.482639 0.405556 0.151389 0.309259
120 crane 0.966141 0.002083 0.102778 0.153472 0.588889
144 person 0.981651 0.497222 0.196296 0.125000 0.513889
144 bed 0.996146 0.117361 0.254630 0.352778 0.292593
144 wheelchair 0.989703 0.482639 0.403704 0.148611 0.312037
144 crane 0.971019 0.002083 0.102778 0.153472 0.588889
158 person 0.981044 0.497222 0.182407 0.122222 0.564815
158 bed 0.996031 0.117361 0.256481 0.352778 0.292593
158 wheelchair 0.988687 0.482639 0.405556 0.148611 0.309259
158 crane 0.970435 0.002083 0.102778 0.153472 0.590741
175 person 0.980480 0.497222 0.179630 0.122222 0.571296
175 bed 0.996269 0.117361 0.256481 0.352778 0.292593
175 wheelchair 0.989074 0.482639 0.405556 0.148611 0.309259
175 crane 0.967281 0.002083 0.102778 0.153472 0.588889
180 person 0.981706 0.500000 0.179630 0.120139 0.569444
180 bed 0.996345 0.117361 0.256481 0.352778 0.295370
180 wheelchair 0.988891 0.482639 0.405556 0.148611 0.309259
180 crane 0.967763 0.002083 0.102778 0.153472 0.590741
194 person 0.984495 0.497222 0.182407 0.122222 0.564815
194 bed 0.996666 0.117361 0.256481 0.355556 0.295370
194 wheelchair 0.988913 0.482639 0.405556 0.151389 0.312037
194 crane 0.958464 0.002083 0.098148 0.153472 0.598148
203 person 0.983733 0.497222 0.179630 0.122222 0.571296
203 bed 0.996229 0.117361 0.254630 0.350694 0.295370
203 wheelchair 0.988496 0.482639 0.403704 0.151389 0.312037
203 crane 0.966324 0.002083 0.102778 0.153472 0.588889
214 person 0.979832 0.497222 0.194444 0.122222 0.518519
214 bed 0.996411 0.117361 0.254630 0.352778 0.297222
214 wheelchair 0.990118 0.482639 0.403704 0.151389 0.312037
214 crane 0.970414 0.004167 0.107407 0.151389 0.581481
232 person 0.991783 0.497222 0.182407 0.127083 0.566667
232 bed 0.995955 0.117361 0.256481 0.355556 0.292593
232 wheelchair 0.987645 0.482639 0.403704 0.151389 0.312037
232 crane 0.970708 0.002083 0.102778 0.151389 0.586111
238 person 0.991304 0.497222 0.184259 0.129167 0.562037
238 bed 0.996064 0.117361 0.259259 0.355556 0.290741
238 wheelchair 0.985657 0.482639 0.403704 0.151389 0.316667
238 crane 0.968297 0.002083 0.102778 0.151389 0.588889
246 person 0.986353 0.497222 0.184259 0.131944 0.564815
246 bed 0.996315 0.115278 0.256481 0.357639 0.292593
246 wheelchair 0.980172 0.482639 0.400926 0.148611 0.316667
246 crane 0.956363 0.002083 0.098148 0.153472 0.598148
254 person 0.986547 0.492361 0.189815 0.134028 0.557407
254 bed 0.996055 0.115278 0.256481 0.357639 0.295370
254 wheelchair 0.981366 0.482639 0.396296 0.151389 0.321296
254 crane 0.958830 0.002083 0.095370 0.153472 0.602778
270 person 0.991932 0.490278 0.208333 0.134028 0.530556
270 bed 0.995838 0.115278 0.256481 0.355556 0.292593
270 wheelchair 0.986111 0.482639 0.386111 0.146528 0.338889
270 crane 0.970002 0.002083 0.098148 0.156250 0.600926
272 person 0.993646 0.490278 0.206481 0.134028 0.533333
272 bed 0.995722 0.117361 0.256481 0.355556 0.292593
272 wheelchair 0.983050 0.482639 0.388889 0.146528 0.340741
272 crane 0.965228 0.002083 0.098148 0.153472 0.600926
292 person 0.990362 0.492361 0.225926 0.151389 0.509259
292 bed 0.995678 0.115278 0.254630 0.357639 0.297222
292 wheelchair 0.966900 0.480556 0.384259 0.153472 0.345370
292 crane 0.968371 0.002083 0.100926 0.153472 0.590741
299 person 0.987109 0.495139 0.215741 0.151389 0.525926
299 bed 0.995834 0.115278 0.254630 0.357639 0.297222
299 wheelchair 0.970749 0.482639 0.386111 0.153472 0.343519
299 crane 0.967524 0.002083 0.102778 0.153472 0.588889
315 person 0.992464 0.492361 0.203704 0.141667 0.537963
315 bed 0.995860 0.117361 0.256481 0.355556 0.295370
315 wheelchair 0.980770 0.485417 0.396296 0.146528 0.328704
315 crane 0.965273 0.002083 0.098148 0.153472 0.598148
335 person 0.992671 0.487500 0.199074 0.143750 0.547222
335 bed 0.996231 0.117361 0.254630 0.352778 0.297222
335 wheelchair 0.980627 0.480556 0.391667 0.156250 0.343519
335 crane 0.963666 0.002083 0.098148 0.151389 0.595370
337 person 0.992502 0.487500 0.199074 0.143750 0.545370
337 bed 0.996379 0.117361 0.254630 0.352778 0.295370
337 wheelchair 0.981291 0.480556 0.388889 0.156250 0.343519
337 crane 0.960248 0.002083 0.095370 0.151389 0.602778
358 person 0.993706 0.492361 0.206481 0.141667 0.535185
358 bed 0.996293 0.117361 0.254630 0.355556 0.297222
358 wheelchair 0.983125 0.482639 0.386111 0.151389 0.352778
358 crane 0.963592 0.002083 0.098148 0.153472 0.595370
361 person 0.994178 0.495139 0.206481 0.138889 0.533333
361 bed 0.996321 0.117361 0.254630 0.355556 0.297222
361 wheelchair 0.982454 0.482639 0.388889 0.151389 0.345370
361 crane 0.963603 0.002083 0.098148 0.153472 0.598148
377 person 0.993918 0.487500 0.199074 0.143750 0.547222
377 bed 0.996497 0.115278 0.254630 0.355556 0.297222
377 wheelchair 0.970872 0.480556 0.405556 0.151389 0.314815
377 crane 0.964762 0.002083 0.100926 0.153472 0.595370
378 person 0.994091 0.485417 0.199074 0.143750 0.550000
378 bed 0.996473 0.117361 0.254630 0.355556 0.297222
378 wheelchair 0.970850 0.480556 0.408333 0.151389 0.312037
378 crane 0.967570 0.002083 0.102778 0.153472 0.590741
381 person 0.992222 0.482639 0.199074 0.143750 0.547222
381 bed 0.996277 0.117361 0.254630 0.352778 0.297222
381 wheelchair 0.971169 0.477778 0.408333 0.151389 0.309259
381 crane 0.965863 0.002083 0.102778 0.153472 0.588889
395 person 0.992641 0.472917 0.213889 0.156250 0.525926
395 bed 0.996169 0.117361 0.254630 0.355556 0.297222
395 wheelchair 0.959431 0.475694 0.410185 0.156250 0.304630
395 crane 0.963780 0.002083 0.095370 0.151389 0.600926
414 person 0.951766 0.459028 0.256481 0.170139 0.511111
414 bed 0.996644 0.117361 0.254630 0.352778 0.292593
414 wheelchair 0.883771 0.475694 0.408333 0.158333 0.362963
414 crane 0.966233 0.002083 0.098148 0.151389 0.598148
426 person 0.986228 0.413194 0.319444 0.209028 0.451852
426 bed 0.996722 0.115278 0.256481 0.352778 0.287963
426 crane 0.966536 0.004167 0.098148 0.148611 0.598148
446 person 0.964547 0.307639 0.480556 0.278472 0.403704
446 bed 0.995601 0.112500 0.259259 0.365278 0.287963
446 crane 0.959868 0.002083 0.095370 0.151389 0.605556
446 wheelchair 0.985786 0.492361 0.333333 0.129167 0.374074
462 person 0.991205 0.340972 0.569444 0.194444 0.340741
462 bed 0.996182 0.112500 0.259259 0.362500 0.292593
462 crane 0.962403 0.002083 0.098148 0.151389 0.600926
462 wheelchair 0.988364 0.490278 0.348148 0.129167 0.355556
472 person 0.984273 0.340972 0.564815 0.204167 0.350926
472 bed 0.996122 0.112500 0.256481 0.365278 0.295370
472 crane 0.958699 0.002083 0.095370 0.151389 0.602778
472 wheelchair 0.990146 0.490278 0.348148 0.127083 0.352778
479 person 0.984956 0.340972 0.564815 0.204167 0.350926
479 bed 0.996044 0.112500 0.254630 0.365278 0.295370
479 crane 0.961321 0.002083 0.098148 0.153472 0.598148
479 wheelchair 0.990400 0.490278 0.348148 0.127083 0.352778
498 person 0.989671 0.340972 0.562037 0.201389 0.355556
498 bed 0.995488 0.112500 0.259259 0.365278 0.290741
498 crane 0.961345 0.002083 0.102778 0.151389 0.593518
498 wheelchair 0.989186 0.492361 0.355556 0.129167 0.338889
507 person 0.981826 0.340972 0.535185 0.204167 0.376852
507 bed 0.995717 0.112500 0.259259 0.365278 0.287963
507 crane 0.952879 0.002083 0.098148 0.151389 0.602778
507 wheelchair 0.983419 0.492361 0.343519 0.127083 0.364815
520 person 0.965981 0.326389 0.500000 0.254167 0.362963
520 bed 0.995229 0.112500 0.259259 0.365278 0.287963
520 crane 0.962261 0.002083 0.100926 0.151389 0.595370
520 wheelchair 0.985006 0.490278 0.338889 0.129167 0.372222
540 person 0.989068 0.398611 0.463889 0.191667 0.400926
540 bed 0.996327 0.110417 0.256481 0.367361 0.290741
540 crane 0.961244 0.002083 0.098148 0.151389 0.600926
540 wheelchair 0.801931 0.509028 0.338889 0.107639 0.297222
561 person 0.963565 0.437500 0.372222 0.189583 0.408333
561 bed 0.997133 0.115278 0.254630 0.355556 0.292593
561 crane 0.967711 0.002083 0.098148 0.153472 0.598148
569 person 0.956382 0.459028 0.259259 0.175000 0.511111
569 bed 0.994948 0.117361 0.256481 0.355556 0.292593
569 wheelchair 0.849829 0.465972 0.381481 0.163194 0.352778
569 crane 0.966529 0.002083 0.100926 0.153472 0.593518
572 person 0.949267 0.461111 0.256481 0.160417 0.511111
572 bed 0.994919 0.117361 0.251852 0.355556 0.297222
572 wheelchair 0.896246 0.465972 0.376852 0.160417 0.367593
572 crane 0.968876 0.002083 0.102778 0.153472 0.588889
582 person 0.970792 0.468750 0.146296 0.160417 0.650926
582 bed 0.994707 0.117361 0.250000 0.352778 0.300000
582 wheelchair 0.967849 0.477778 0.362963 0.151389 0.396296
582 crane 0.968700 0.002083 0.100926 0.153472 0.590741
607 person 0.991118 0.490278 0.230556 0.141667 0.501852
607 bed 0.995852 0.117361 0.256481 0.352778 0.292593
607 wheelchair 0.942519 0.485417 0.379630 0.143750 0.355556
607 crane 0.962148 0.002083 0.102778 0.151389 0.586111
613 person 0.994368 0.495139 0.220370 0.134028 0.511111
613 wheelchair 0.968787 0.485417 0.388889 0.141667 0.348148
613 bed 0.995947 0.117361 0.256481 0.352778 0.295370
613 crane 0.961254 0.002083 0.100926 0.151389 0.593518
622 person 0.985071 0.497222 0.177778 0.127083 0.576852
622 bed 0.996046 0.117361 0.256481 0.352778 0.292593
622 wheelchair 0.988194 0.485417 0.396296 0.148611 0.331481
622 crane 0.964658 0.002083 0.100926 0.151389 0.590741
642 person 0.992764 0.500000 0.184259 0.117361 0.533333
642 bed 0.996275 0.117361 0.256481 0.355556 0.295370
642 wheelchair 0.989374 0.487500 0.396296 0.143750 0.328704
642 crane 0.967034 0.002083 0.102778 0.151389 0.588889
656 person 0.992027 0.495139 0.175000 0.122222 0.552778
656 bed 0.996079 0.117361 0.256481 0.355556 0.295370
656 wheelchair 0.991121 0.482639 0.398148 0.148611 0.319444
656 crane 0.965642 0.004167 0.105556 0.151389 0.586111
667 person 0.992664 0.500000 0.184259 0.117361 0.535185
667 bed 0.996119 0.117361 0.256481 0.355556 0.295370
667 wheelchair 0.989943 0.485417 0.396296 0.146528 0.324074
667 crane 0.961188 0.002083 0.098148 0.153472 0.595370
688 person 0.986178 0.502083 0.196296 0.117361 0.516667
688 bed 0.995941 0.117361 0.254630 0.352778 0.295370
688 wheelchair 0.989846 0.485417 0.403704 0.146528 0.314815
688 crane 0.966489 0.002083 0.100926 0.153472 0.593518
711 person 0.985514 0.502083 0.194444 0.117361 0.518519
711 bed 0.996080 0.117361 0.256481 0.352778 0.292593
711 wheelchair 0.990258 0.485417 0.403704 0.146528 0.314815
711 crane 0.963706 0.002083 0.098148 0.153472 0.598148
724 person 0.987810 0.502083 0.187037 0.120139 0.530556
724 bed 0.996330 0.117361 0.256481 0.355556 0.292593
724 wheelchair 0.992132 0.485417 0.398148 0.143750 0.319444
724 crane 0.960006 0.002083 0.102778 0.151389 0.593518
742 person 0.980083 0.495139 0.184259 0.127083 0.566667
742 bed 0.996281 0.115278 0.259259 0.355556 0.290741
742 wheelchair 0.984015 0.485417 0.398148 0.148611 0.321296
742 crane 0.960140 0.002083 0.105556 0.151389 0.588889
743 person 0.982623 0.495139 0.184259 0.125000 0.569444
743 bed 0.996273 0.115278 0.259259 0.355556 0.292593
743 wheelchair 0.984956 0.485417 0.396296 0.148611 0.321296
743 crane 0.958413 0.002083 0.105556 0.151389 0.588889
764 person 0.991776 0.492361 0.203704 0.131944 0.537963
764 bed 0.996321 0.115278 0.254630 0.355556 0.295370
764 wheelchair 0.983502 0.485417 0.388889 0.146528 0.338889
764 crane 0.970970 0.002083 0.105556 0.151389 0.583333
766 person 0.993141 0.492361 0.203704 0.131944 0.540741
766 bed 0.996266 0.115278 0.254630 0.355556 0.295370
766 wheelchair 0.982912 0.485417 0.386111 0.146528 0.340741
766 crane 0.969361 0.002083 0.105556 0.151389 0.586111
788 person 0.990745 0.492361 0.218519 0.141667 0.518519
788 bed 0.995976 0.115278 0.254630 0.355556 0.297222
788 wheelchair 0.963414 0.487500 0.391667 0.143750 0.331481
788 crane 0.967101 0.002083 0.105556 0.153472 0.586111
795 person 0.991940 0.492361 0.215741 0.138889 0.518519
795 bed 0.996110 0.117361 0.254630 0.355556 0.295370
795 wheelchair 0.967213 0.487500 0.393519 0.143750 0.324074
795 crane 0.968830 0.002083 0.105556 0.153472 0.583333
801 person 0.992625 0.495139 0.208333 0.134028 0.530556
801 bed 0.995446 0.117361 0.256481 0.352778 0.295370
801 wheelchair 0.983589 0.487500 0.393519 0.141667 0.331481
801 crane 0.963296 0.002083 0.102778 0.153472 0.588889
822 person 0.992333 0.497222 0.211111 0.138889 0.528704
822 bed 0.995993 0.115278 0.254630 0.357639 0.297222
822 wheelchair 0.985147 0.485417 0.386111 0.148611 0.345370
822 crane 0.964407 0.002083 0.105556 0.151389 0.583333
847 person 0.993925 0.495139 0.194444 0.129167 0.552778
847 bed 0.996211 0.115278 0.256481 0.357639 0.295370
847 wheelchair 0.968494 0.480556 0.408333 0.146528 0.307407
847 crane 0.964254 0.002083 0.100926 0.153472 0.595370
856 person 0.986911 0.492361 0.179630 0.127083 0.581481
856 bed 0.996146 0.115278 0.256481 0.357639 0.295370
856 wheelchair 0.981396 0.485417 0.384259 0.143750 0.352778
856 crane 0.966404 0.002083 0.102778 0.151389 0.588889
867 person 0.985711 0.490278 0.172222 0.127083 0.593518
867 bed 0.996167 0.115278 0.254630 0.355556 0.295370
867 wheelchair 0.969901 0.480556 0.398148 0.143750 0.324074
867 crane 0.956982 0.002083 0.098148 0.151389 0.598148
870 person 0.985215 0.490278 0.167593 0.127083 0.619444
870 wheelchair 0.968982 0.477778 0.393519 0.148611 0.343519
870 bed 0.996068 0.117361 0.256481 0.355556 0.295370
870 crane 0.959971 0.002083 0.098148 0.151389 0.600926
886 person 0.973337 0.480556 0.247222 0.136806 0.511111
886 bed 0.996176 0.117361 0.254630 0.352778 0.297222
886 wheelchair 0.951881 0.475694 0.384259 0.153472 0.355556
886 crane 0.967203 0.002083 0.102778 0.153472 0.590741
900 person 0.974651 0.475694 0.247222 0.143750 0.513889
900 bed 0.996114 0.117361 0.256481 0.355556 0.292593
900 wheelchair 0.924354 0.475694 0.386111 0.156250 0.352778
900 crane 0.968756 0.002083 0.102778 0.151389 0.590741
911 person 0.990398 0.475694 0.134259 0.143750 0.677778
911 bed 0.996136 0.117361 0.254630 0.350694 0.295370
911 wheelchair 0.902617 0.475694 0.393519 0.153472 0.348148
911 crane 0.967738 0.002083 0.098148 0.151389 0.598148
918 person 0.969764 0.477778 0.095370 0.138889 0.737963
918 bed 0.995902 0.120139 0.256481 0.350694 0.292593
918 wheelchair 0.916363 0.475694 0.388889 0.151389 0.360185
918 crane 0.972505 0.004167 0.102778 0.151389 0.590741
942 person 0.882897 0.329167 0.487963 0.247222 0.439815
942 bed 0.996110 0.110417 0.259259 0.365278 0.285185
942 crane 0.963719 0.004167 0.098148 0.148611 0.600926
942 wheelchair 0.952144 0.502083 0.328704 0.125000 0.376852
955 person 0.984728 0.329167 0.581481 0.211111 0.340741
955 bed 0.996153 0.112500 0.259259 0.365278 0.290741
955 crane 0.959491 0.004167 0.100926 0.148611 0.598148
955 wheelchair 0.990855 0.490278 0.350926 0.129167 0.348148
958 person 0.981998 0.331250 0.586111 0.204167 0.333333
958 bed 0.996112 0.112500 0.259259 0.365278 0.290741
958 crane 0.960119 0.004167 0.098148 0.148611 0.598148
958 wheelchair 0.989841 0.490278 0.350926 0.129167 0.350926
983 person 0.986527 0.336111 0.574074 0.199306 0.352778
983 bed 0.996103 0.112500 0.259259 0.365278 0.292593
983 crane 0.958593 0.002083 0.098148 0.153472 0.600926
983 wheelchair 0.991661 0.490278 0.350926 0.127083 0.348148
1007 person 0.983728 0.347917 0.545370 0.189583 0.384259
1007 bed 0.996241 0.112500 0.259259 0.362500 0.290741
1007 crane 0.951735 0.002083 0.095370 0.151389 0.605556
1007 wheelchair 0.988295 0.492361 0.348148 0.127083 0.355556
1029 person 0.953365 0.362500 0.482407 0.240278 0.393519
1029 bed 0.995784 0.112500 0.259259 0.365278 0.287963
1029 crane 0.969094 0.004167 0.100926 0.148611 0.595370
1029 wheelchair 0.936723 0.502083 0.376852 0.115278 0.261111
1033 person 0.960146 0.365278 0.470370 0.242361 0.405556
1033 crane 0.969137 0.004167 0.102778 0.148611 0.590741
1033 bed 0.996137 0.112500 0.256481 0.365278 0.290741
1033 wheelchair 0.890742 0.511806 0.381481 0.102778 0.237963
1046 person 0.992616 0.406250 0.410185 0.206250 0.453704
1046 bed 0.995836 0.112500 0.259259 0.365278 0.285185
1046 crane 0.968099 0.004167 0.105556 0.151389 0.590741
1070 person 0.949853 0.461111 0.287963 0.172917 0.461111
1070 bed 0.995521 0.117361 0.254630 0.355556 0.292593
1070 wheelchair 0.910692 0.465972 0.374074 0.165278 0.360185
1070 crane 0.971045 0.004167 0.102778 0.151389 0.588889
1078 person 0.972402 0.472917 0.187037 0.163194 0.581481
1078 bed 0.995550 0.120139 0.254630 0.350694 0.292593
1078 wheelchair 0.971222 0.480556 0.357407 0.148611 0.391667
1078 crane 0.965151 0.002083 0.100926 0.148611 0.593518
1102 person 0.989350 0.492361 0.254630 0.136806 0.451852
1102 bed 0.996070 0.117361 0.256481 0.352778 0.295370
1102 wheelchair 0.970912 0.487500 0.384259 0.138889 0.350926
1102 crane 0.963824 0.002083 0.100926 0.151389 0.593518
1107 person 0.993393 0.495139 0.235185 0.134028 0.492593
1107 bed 0.995813 0.117361 0.256481 0.352778 0.292593
1107 wheelchair 0.963599 0.477778 0.410185 0.151389 0.302778
1107 crane 0.965353 0.004167 0.102778 0.151389 0.590741
1126 person 0.990606 0.502083 0.184259 0.120139 0.535185
1126 bed 0.995811 0.117361 0.256481 0.355556 0.292593
1126 wheelchair 0.991838 0.487500 0.398148 0.138889 0.326852
1126 crane 0.964823 0.002083 0.100926 0.153472 0.590741
1150 person 0.982275 0.500000 0.196296 0.125000 0.516667
1150 bed 0.996101 0.115278 0.256481 0.355556 0.292593
1150 wheelchair 0.990593 0.487500 0.396296 0.138889 0.333333
1150 crane 0.963964 0.002083 0.102778 0.153472 0.590741
1165 person 0.986203 0.500000 0.172222 0.122222 0.586111
1165 bed 0.995999 0.117361 0.256481 0.355556 0.292593
1165 wheelchair 0.987116 0.487500 0.393519 0.143750 0.333333
1165 crane 0.967367 0.002083 0.098148 0.153472 0.595370
1184 person 0.989991 0.500000 0.194444 0.122222 0.516667
1184 bed 0.995942 0.117361 0.256481 0.352778 0.292593
1184 wheelchair 0.991229 0.485417 0.396296 0.141667 0.324074
1184 crane 0.968147 0.002083 0.100926 0.153472 0.590741
1193 person 0.987305 0.500000 0.201852 0.125000 0.506481
1193 bed 0.995805 0.117361 0.254630 0.352778 0.295370
1193 wheelchair 0.991824 0.485417 0.398148 0.143750 0.319444
1193 crane 0.970493 0.002083 0.100926 0.153472 0.595370
1206 person 0.989121 0.497222 0.199074 0.125000 0.504630
1206 bed 0.996276 0.115278 0.256481 0.355556 0.292593
1206 wheelchair 0.993694 0.485417 0.398148 0.143750 0.319444
1206 crane 0.965448 0.002083 0.100926 0.153472 0.593518
1221 person 0.986791 0.500000 0.189815 0.125000 0.521296
1221 bed 0.996544 0.115278 0.256481 0.357639 0.292593
1221 wheelchair 0.994267 0.485417 0.400926 0.143750 0.314815
1221 crane 0.957218 0.002083 0.095370 0.151389 0.602778
1226 person 0.984645 0.500000 0.191667 0.129167 0.521296
1226 bed 0.996492 0.115278 0.259259 0.357639 0.292593
1226 wheelchair 0.990130 0.485417 0.398148 0.146528 0.316667
1226 crane 0.957848 0.002083 0.095370 0.151389 0.602778
1231 person 0.978253 0.497222 0.196296 0.131944 0.516667
1231 bed 0.996382 0.115278 0.256481 0.357639 0.292593
1231 wheelchair 0.985168 0.482639 0.400926 0.148611 0.314815
1231 crane 0.963731 0.002083 0.098148 0.151389 0.598148
1250 person 0.977866 0.492361 0.179630 0.125000 0.583333
1250 bed 0.996501 0.115278 0.256481 0.355556 0.292593
1250 wheelchair 0.990587 0.485417 0.386111 0.143750 0.338889
1250 crane 0.969615 0.002083 0.098148 0.153472 0.600926
1271 person 0.993211 0.495139 0.211111 0.138889 0.523148
1271 bed 0.995743 0.115278 0.256481 0.357639 0.292593
1271 wheelchair 0.980991 0.487500 0.393519 0.143750 0.331481
1271 crane 0.959152 0.002083 0.098148 0.151389 0.595370
1284 person 0.990467 0.495139 0.201852 0.138889 0.540741
1284 bed 0.996201 0.117361 0.256481 0.355556 0.292593
1284 wheelchair 0.983952 0.485417 0.391667 0.143750 0.333333
1284 crane 0.960800 0.002083 0.098148 0.151389 0.598148
1299 person 0.990731 0.497222 0.206481 0.141667 0.535185
1299 bed 0.996020 0.115278 0.256481 0.357639 0.295370
1299 wheelchair 0.984985 0.482639 0.386111 0.151389 0.343519
1299 crane 0.961339 0.002083 0.098148 0.153472 0.598148
1302 person 0.987222 0.497222 0.213889 0.143750 0.523148
1302 bed 0.995981 0.115278 0.256481 0.357639 0.292593
1302 wheelchair 0.982357 0.485417 0.388889 0.146528 0.338889
1302 crane 0.965242 0.002083 0.100926 0.153472 0.595370
1318 person 0.984361 0.497222 0.206481 0.138889 0.528704
1318 bed 0.996124 0.117361 0.256481 0.355556 0.295370
1318 wheelchair 0.980810 0.485417 0.398148 0.141667 0.316667
1318 crane 0.965612 0.002083 0.100926 0.151389 0.595370
1324 person 0.989027 0.497222 0.189815 0.134028 0.562037
1324 bed 0.996209 0.117361 0.254630 0.355556 0.297222
1324 wheelchair 0.978513 0.485417 0.396296 0.141667 0.326852
1324 crane 0.962615 0.002083 0.100926 0.151389 0.595370
1328 person 0.986266 0.497222 0.187037 0.131944 0.566667
1328 bed 0.996311 0.117361 0.254630 0.355556 0.297222
1328 wheelchair 0.982711 0.487500 0.396296 0.138889 0.331481
1328 crane 0.960875 0.002083 0.098148 0.153472 0.598148
1338 person 0.990390 0.492361 0.177778 0.131944 0.581481
1338 bed 0.996309 0.117361 0.254630 0.352778 0.297222
1338 wheelchair 0.974067 0.485417 0.396296 0.143750 0.336111
1338 crane 0.961223 0.002083 0.100926 0.153472 0.593518
1349 person 0.985379 0.485417 0.184259 0.138889 0.574074
1349 bed 0.996316 0.115278 0.254630 0.355556 0.297222
1349 wheelchair 0.973455 0.482639 0.379630 0.148611 0.367593
1349 crane 0.961465 0.002083 0.100926 0.151389 0.593518
1373 person 0.968507 0.472917 0.263889 0.146528 0.489815
1373 bed 0.995971 0.115278 0.256481 0.355556 0.292593
1373 wheelchair 0.932268 0.475694 0.417593 0.156250 0.338889
1373 crane 0.964936 0.004167 0.100926 0.148611 0.593518
1380 person 0.972447 0.465972 0.251852 0.160417 0.521296
1380 bed 0.996204 0.115278 0.254630 0.355556 0.295370
1380 wheelchair 0.836427 0.470833 0.388889 0.160417 0.336111
1380 crane 0.964771 0.004167 0.098148 0.151389 0.595370
1390 person 0.965293 0.449306 0.331481 0.165278 0.437037
1390 wheelchair 0.318511 0.444444 0.324074 0.191667 0.453704
1390 crane 0.960277 0.002083 0.095370 0.151389 0.600926
1390 bed 0.997245 0.115278 0.256481 0.355556 0.292593
1407 person 0.908082 0.360417 0.500000 0.209028 0.417593
1407 bed 0.995615 0.110417 0.259259 0.365278 0.287963
1407 crane 0.948333 0.002083 0.095370 0.151389 0.605556
1407 wheelchair 0.968809 0.495139 0.326852 0.127083 0.381481
1413 person 0.837983 0.360417 0.554630 0.187500 0.357407
1413 bed 0.995660 0.112500 0.259259 0.362500 0.290741
1413 crane 0.959425 0.002083 0.095370 0.151389 0.605556
1413 wheelchair 0.983666 0.492361 0.352778 0.129167 0.343519
1434 person 0.982283 0.345833 0.576852 0.182639 0.340741
1434 crane 0.963336 0.002083 0.100926 0.153472 0.595370
1434 bed 0.996275 0.112500 0.259259 0.365278 0.290741
1434 wheelchair 0.989119 0.492361 0.357407 0.129167 0.336111
1445 person 0.978512 0.345833 0.578704 0.182639 0.336111
1445 crane 0.962652 0.002083 0.095370 0.151389 0.605556
1445 bed 0.996098 0.112500 0.259259 0.365278 0.290741
1445 wheelchair 0.986707 0.490278 0.360185 0.131944 0.336111
1463 person 0.985185 0.343750 0.564815 0.187500 0.352778
1463 bed 0.996470 0.112500 0.259259 0.365278 0.290741
1463 crane 0.966954 0.002083 0.100926 0.151389 0.595370
1463 wheelchair 0.988912 0.490278 0.357407 0.131944 0.336111
1487 person 0.888926 0.357639 0.492593 0.189583 0.420370
1487 bed 0.995488 0.110417 0.261111 0.367361 0.280556
1487 crane 0.965903 0.002083 0.100926 0.151389 0.593518
1487 wheelchair 0.982604 0.490278 0.333333 0.129167 0.379630
1490 person 0.887609 0.365278 0.446296 0.194444 0.437037
1490 bed 0.995618 0.112500 0.259259 0.365278 0.285185
1490 crane 0.967441 0.002083 0.100926 0.151389 0.595370
1490 wheelchair 0.980544 0.495139 0.338889 0.127083 0.374074
1508 person 0.973624 0.415278 0.275926 0.199306 0.528704
1508 bed 0.995391 0.117361 0.259259 0.345833 0.280556
1508 crane 0.968491 0.002083 0.100926 0.153472 0.593518
1531 person 0.991132 0.347917 0.110185 0.153472 0.641667
1531 bed 0.960147 0.172917 0.247222 0.204167 0.336111
1531 wheelchair 0.981400 0.482639 0.362963 0.146528 0.362963
1531 crane 0.960047 0.004167 0.098148 0.148611 0.598148
1542 person 0.991283 0.336111 0.040741 0.127083 0.742593
1542 bed 0.963789 0.165278 0.225926 0.204167 0.367593
1542 wheelchair 0.981210 0.480556 0.360185 0.148611 0.364815
1542 crane 0.956986 0.002083 0.095370 0.148611 0.602778
1551 person 0.968301 0.345833 0.011111 0.112500 0.773148
1551 bed 0.967659 0.168056 0.225926 0.213889 0.376852
1551 wheelchair 0.984924 0.487500 0.343519 0.134028 0.369444
1551 crane 0.952379 0.002083 0.098148 0.148611 0.598148
1557 person 0.943687 0.350694 0.018519 0.110417 0.749074
1557 bed 0.972566 0.170139 0.239815 0.215972 0.350926
1557 wheelchair 0.982533 0.487500 0.345370 0.134028 0.367593
1557 crane 0.955628 0.002083 0.098148 0.148611 0.598148
1576 person 0.948205 0.357639 0.023148 0.107639 0.699074
1576 bed 0.971844 0.168056 0.237963 0.215972 0.355556
1576 wheelchair 0.976826 0.480556 0.362963 0.148611 0.360185
1576 crane 0.963601 0.002083 0.098148 0.151389 0.598148
1578 person 0.947700 0.360417 0.011111 0.102778 0.720370
1578 bed 0.975150 0.165278 0.237963 0.218750 0.355556
1578 wheelchair 0.977882 0.482639 0.362963 0.146528 0.360185
1578 crane 0.959426 0.004167 0.098148 0.148611 0.598148
1590 person 0.975449 0.357639 0.047222 0.102778 0.701852
1590 bed 0.975592 0.168056 0.244444 0.211111 0.338889
1590 wheelchair 0.979045 0.487500 0.348148 0.136806 0.364815
1590 crane 0.960443 0.004167 0.098148 0.148611 0.598148
1596 person 0.881154 0.367361 0.030556 0.100694 0.689815
1596 bed 0.977781 0.172917 0.251852 0.211111 0.328704
1596 wheelchair 0.982904 0.485417 0.350926 0.134028 0.357407
1596 crane 0.966119 0.002083 0.095370 0.151389 0.602778
1605 person 0.978967 0.386806 0.047222 0.090972 0.648148
1605 bed 0.984066 0.129167 0.268519 0.312500 0.278704
1605 wheelchair 0.982359 0.482639 0.362963 0.143750 0.357407
1605 crane 0.962959 0.002083 0.093519 0.151389 0.607407
1613 person 0.906395 0.422917 0.047222 0.076389 0.612963
1613 bed 0.994358 0.125000 0.266667 0.334028 0.273148
1613 wheelchair 0.983360 0.485417 0.364815 0.143750 0.355556
1613 crane 0.965279 0.002083 0.098148 0.151389 0.595370
1638 person 0.377620 0.506944 0.021296 0.084028 0.607407
1638 bed 0.995140 0.117361 0.256481 0.352778 0.290741
1638 wheelchair 0.983781 0.477778 0.309259 0.146528 0.420370
1638 crane 0.966231 0.002083 0.100926 0.153472 0.595370
1649 person 0.978376 0.545139 0.047222 0.095833 0.564815
1649 bed 0.995095 0.117361 0.259259 0.355556 0.290741
1649 wheelchair 0.990702 0.487500 0.324074 0.138889 0.400926
1649 crane 0.962678 0.002083 0.100926 0.153472 0.593518
