0 bed 0.968252 0.038194 0.000000 0.922917 1.182407
4 bed 0.856114 0.028472 0.000000 0.918056 1.290741
20 person 0.984342 0.372222 0.141667 0.211111 0.583333
20 wheelchair 0.988795 0.531250 0.304630 0.293056 0.542593
20 bed 0.876508 0.204167 0.199074 0.482639 0.550000
36 person 0.989860 0.370139 0.125000 0.213889 0.612963
36 wheelchair 0.995461 0.538194 0.324074 0.285417 0.533333
36 bed 0.964824 0.196528 0.201852 0.497222 0.545370
46 person 0.989896 0.372222 0.125000 0.211111 0.612963
46 wheelchair 0.995940 0.538194 0.321296 0.283333 0.542593
46 bed 0.972513 0.194444 0.201852 0.500000 0.547222
58 person 0.990500 0.372222 0.122222 0.209028 0.617593
58 wheelchair 0.996072 0.538194 0.321296 0.281250 0.540741
58 bed 0.976259 0.196528 0.199074 0.497222 0.550000
68 person 0.990074 0.375000 0.119444 0.206250 0.622222
68 wheelchair 0.996301 0.540278 0.319444 0.278472 0.547222
68 bed 0.978762 0.196528 0.201852 0.495139 0.545370
71 person 0.990372 0.375000 0.122222 0.206250 0.617593
71 wheelchair 0.996119 0.540278 0.319444 0.281250 0.547222
71 bed 0.977888 0.199306 0.201852 0.492361 0.547222
78 person 0.990489 0.375000 0.126852 0.209028 0.607407
78 wheelchair 0.995803 0.538194 0.319444 0.281250 0.545370
78 bed 0.977002 0.196528 0.201852 0.495139 0.547222
87 person 0.989478 0.377083 0.129630 0.204167 0.602778
87 wheelchair 0.995592 0.538194 0.321296 0.283333 0.545370
87 bed 0.974448 0.196528 0.196296 0.495139 0.554630
100 person 0.989195 0.377083 0.122222 0.204167 0.610185
100 wheelchair 0.995963 0.538194 0.319444 0.281250 0.550000
100 bed 0.976772 0.194444 0.199074 0.500000 0.554630
104 person 0.990734 0.377083 0.119444 0.204167 0.614815
104 wheelchair 0.995878 0.538194 0.319444 0.281250 0.550000
104 bed 0.977322 0.194444 0.196296 0.500000 0.554630
126 person 0.987592 0.377083 0.126852 0.206250 0.605556
126 wheelchair 0.996130 0.538194 0.321296 0.281250 0.545370
126 bed 0.972371 0.196528 0.196296 0.497222 0.554630
132 person 0.989730 0.375000 0.125000 0.206250 0.607407
132 wheelchair 0.996084 0.538194 0.321296 0.281250 0.547222
132 bed 0.977131 0.196528 0.196296 0.495139 0.554630
142 person 0.989426 0.375000 0.119444 0.206250 0.619444
142 wheelchair 0.995926 0.540278 0.321296 0.281250 0.545370
142 bed 0.979965 0.199306 0.203704 0.492361 0.545370
152 person 0.990279 0.375000 0.119444 0.204167 0.619444
152 wheelchair 0.995990 0.540278 0.319444 0.281250 0.545370
152 bed 0.982088 0.199306 0.203704 0.492361 0.547222
172 person 0.990179 0.377083 0.119444 0.204167 0.622222
172 wheelchair 0.996141 0.540278 0.319444 0.281250 0.547222
172 bed 0.981450 0.196528 0.206481 0.495139 0.542593
186 person 0.989619 0.377083 0.119444 0.201389 0.622222
186 wheelchair 0.995953 0.540278 0.319444 0.281250 0.550000
186 bed 0.980609 0.199306 0.203704 0.492361 0.547222
202 person 0.986472 0.370139 0.125000 0.209028 0.614815
202 wheelchair 0.996005 0.540278 0.316667 0.281250 0.552778
202 bed 0.980365 0.199306 0.203704 0.492361 0.545370
218 person 0.983138 0.367361 0.129630 0.211111 0.602778
218 wheelchair 0.995981 0.540278 0.316667 0.278472 0.554630
218 bed 0.977842 0.199306 0.201852 0.495139 0.547222
226 person 0.971148 0.370139 0.129630 0.204167 0.617593
226 wheelchair 0.995872 0.540278 0.319444 0.281250 0.547222
226 bed 0.979206 0.209028 0.196296 0.472917 0.559259
228 person 0.974406 0.370139 0.129630 0.206250 0.619444
228 wheelchair 0.996005 0.540278 0.321296 0.278472 0.547222
228 bed 0.980050 0.209028 0.196296 0.472917 0.559259
240 person 0.972516 0.370139 0.131481 0.206250 0.612963
240 wheelchair 0.995959 0.540278 0.321296 0.281250 0.547222
240 bed 0.980119 0.209028 0.194444 0.472917 0.562037
252 person 0.978287 0.370139 0.138889 0.211111 0.598148
252 wheelchair 0.996017 0.540278 0.321296 0.281250 0.545370
252 bed 0.977646 0.204167 0.194444 0.480556 0.557407
260 person 0.952361 0.362500 0.153704 0.215972 0.576852
260 wheelchair 0.996252 0.540278 0.319444 0.281250 0.547222
260 bed 0.980391 0.206250 0.199074 0.477778 0.547222
266 person 0.876912 0.355556 0.170370 0.222917 0.593518
266 wheelchair 0.996026 0.538194 0.321296 0.281250 0.542593
266 bed 0.973727 0.213889 0.208333 0.465972 0.528704
286 person 0.907813 0.360417 0.107407 0.209028 0.687037
286 wheelchair 0.996176 0.538194 0.319444 0.283333 0.547222
286 bed 0.979163 0.211111 0.199074 0.472917 0.550000
291 person 0.932801 0.365278 0.098148 0.204167 0.696296
291 wheelchair 0.996042 0.538194 0.319444 0.281250 0.550000
291 bed 0.980780 0.206250 0.201852 0.482639 0.545370
301 person 0.949262 0.365278 0.098148 0.206250 0.699074
301 wheelchair 0.995990 0.540278 0.319444 0.281250 0.547222
301 bed 0.976357 0.206250 0.196296 0.477778 0.552778
311 person 0.948459 0.355556 0.162963 0.232639 0.607407
311 wheelchair 0.995939 0.538194 0.319444 0.283333 0.547222
311 bed 0.975530 0.196528 0.203704 0.497222 0.537963
319 person 0.973440 0.362500 0.167593 0.218750 0.605556
319 wheelchair 0.995701 0.538194 0.319444 0.283333 0.547222
319 bed 0.968708 0.204167 0.213889 0.485417 0.521296
334 person 0.964474 0.357639 0.162963 0.222917 0.607407
334 wheelchair 0.995911 0.538194 0.316667 0.283333 0.552778
334 bed 0.972415 0.201389 0.208333 0.492361 0.533333
335 person 0.960064 0.360417 0.160185 0.220833 0.614815
335 wheelchair 0.995876 0.538194 0.316667 0.283333 0.552778
335 bed 0.972696 0.201389 0.206481 0.490278 0.537963
359 person 0.977587 0.360417 0.129630 0.222917 0.617593
359 wheelchair 0.995615 0.538194 0.316667 0.285417 0.547222
359 bed 0.979145 0.204167 0.194444 0.485417 0.562037
370 person 0.969248 0.362500 0.167593 0.215972 0.607407
370 wheelchair 0.996155 0.538194 0.319444 0.281250 0.550000
370 bed 0.973112 0.206250 0.218519 0.482639 0.513889
377 person 0.969187 0.324306 0.237963 0.295139 0.497222
377 wheelchair 0.996403 0.538194 0.319444 0.283333 0.547222
377 bed 0.977368 0.204167 0.237963 0.480556 0.487963
390 person 0.962575 0.362500 0.165741 0.213889 0.607407
390 wheelchair 0.996056 0.538194 0.321296 0.281250 0.542593
390 bed 0.968046 0.206250 0.203704 0.482639 0.537963
405 person 0.966755 0.355556 0.131481 0.227778 0.617593
405 wheelchair 0.995741 0.540278 0.316667 0.281250 0.550000
405 bed 0.976221 0.209028 0.189815 0.475694 0.564815
429 person 0.970162 0.321528 0.235185 0.297917 0.501852
429 wheelchair 0.996586 0.540278 0.321296 0.281250 0.545370
429 bed 0.975867 0.204167 0.237963 0.482639 0.487963
444 person 0.968282 0.331250 0.254630 0.283333 0.475926
444 wheelchair 0.995948 0.540278 0.324074 0.281250 0.540741
444 bed 0.979082 0.194444 0.235185 0.497222 0.492593
455 person 0.965005 0.362500 0.175000 0.213889 0.602778
455 wheelchair 0.996198 0.538194 0.324074 0.283333 0.540741
455 bed 0.971079 0.204167 0.225926 0.482639 0.504630
476 person 0.897281 0.331250 0.105556 0.232639 0.689815
476 wheelchair 0.995812 0.538194 0.324074 0.283333 0.540741
476 bed 0.973122 0.215972 0.206481 0.463889 0.537963
478 person 0.913876 0.326389 0.095370 0.242361 0.701852
478 wheelchair 0.995882 0.538194 0.324074 0.283333 0.540741
478 bed 0.975309 0.213889 0.201852 0.468750 0.547222
503 person 0.887716 0.326389 0.102778 0.242361 0.691667
503 wheelchair 0.995915 0.538194 0.321296 0.283333 0.542593
503 bed 0.971526 0.213889 0.199074 0.463889 0.545370
509 person 0.836137 0.329167 0.110185 0.242361 0.684259
509 wheelchair 0.996138 0.538194 0.321296 0.283333 0.542593
509 bed 0.972104 0.215972 0.199074 0.461111 0.545370
521 person 0.797183 0.347917 0.138889 0.232639 0.660185
521 bed 0.956286 0.230556 0.211111 0.434722 0.525926
521 wheelchair 0.995898 0.538194 0.326852 0.283333 0.537963
545 person 0.841478 0.352778 0.155556 0.222917 0.631481
545 bed 0.937788 0.237500 0.215741 0.418056 0.523148
545 wheelchair 0.995826 0.540278 0.324074 0.278472 0.542593
561 person 0.930397 0.367361 0.155556 0.196528 0.634259
561 bed 0.942052 0.230556 0.208333 0.432639 0.537963
561 wheelchair 0.995669 0.543056 0.321296 0.276389 0.547222
571 person 0.900837 0.338889 0.179630 0.211111 0.607407
571 bed 0.929112 0.240278 0.220370 0.408333 0.518519
571 wheelchair 0.995793 0.540278 0.319444 0.281250 0.552778
577 person 0.916365 0.324306 0.261111 0.240278 0.506481
577 wheelchair 0.996694 0.535417 0.319444 0.283333 0.550000
577 bed 0.965014 0.213889 0.239815 0.451389 0.492593
580 person 0.962353 0.304861 0.352778 0.245139 0.576852
580 bed 0.960042 0.168056 0.223148 0.535417 0.509259
580 wheelchair 0.996780 0.538194 0.319444 0.281250 0.550000
599 person 0.916269 0.283333 0.535185 0.273611 0.420370
599 bed 0.991701 0.158333 0.215741 0.571528 0.516667
599 wheelchair 0.994546 0.545139 0.331481 0.276389 0.530556
617 person 0.909602 0.283333 0.706481 0.259028 0.259259
617 bed 0.994495 0.160417 0.227778 0.566667 0.485185
617 wheelchair 0.994092 0.543056 0.336111 0.276389 0.518519
633 person 0.967376 0.285417 0.679630 0.261806 0.300000
633 bed 0.994453 0.158333 0.232407 0.569444 0.475926
633 wheelchair 0.994433 0.543056 0.336111 0.278472 0.518519
640 person 0.954150 0.300000 0.578704 0.250000 0.403704
640 bed 0.993809 0.160417 0.218519 0.566667 0.509259
640 wheelchair 0.994753 0.543056 0.328704 0.276389 0.530556
661 person 0.851259 0.331250 0.352778 0.263889 0.650926
661 bed 0.976157 0.151389 0.201852 0.581250 0.542593
661 wheelchair 0.995107 0.545139 0.328704 0.271528 0.533333
663 person 0.839122 0.334028 0.364815 0.259028 0.629630
663 bed 0.976033 0.153472 0.203704 0.579167 0.542593
663 wheelchair 0.994566 0.547917 0.328704 0.271528 0.535185
664 person 0.892361 0.329167 0.336111 0.245139 0.687037
664 bed 0.976598 0.156250 0.203704 0.571528 0.545370
664 wheelchair 0.994923 0.545139 0.326852 0.273611 0.537963
688 person 0.964114 0.297917 0.319444 0.237500 0.662963
688 wheelchair 0.995222 0.545139 0.326852 0.273611 0.537963
688 bed 0.969839 0.170139 0.215741 0.543056 0.525926
697 person 0.927819 0.245139 0.244444 0.372222 0.492593
697 bed 0.895038 0.240278 0.250000 0.391667 0.485185
697 wheelchair 0.994853 0.543056 0.321296 0.276389 0.547222
715 person 0.947035 0.336111 0.100926 0.199306 0.694444
715 bed 0.962587 0.222917 0.208333 0.444444 0.525926
715 wheelchair 0.995761 0.540278 0.324074 0.281250 0.547222
733 person 0.936772 0.340972 0.086111 0.209028 0.720370
733 wheelchair 0.995635 0.540278 0.321296 0.281250 0.552778
733 bed 0.978398 0.211111 0.215741 0.475694 0.513889
753 person 0.972676 0.362500 0.129630 0.215972 0.598148
753 wheelchair 0.995970 0.540278 0.321296 0.278472 0.545370
753 bed 0.974799 0.201389 0.201852 0.490278 0.545370
771 person 0.913643 0.336111 0.078704 0.227778 0.720370
771 wheelchair 0.995731 0.540278 0.321296 0.281250 0.547222
771 bed 0.977097 0.204167 0.203704 0.487500 0.540741
778 person 0.935673 0.357639 0.136111 0.218750 0.595370
778 wheelchair 0.995710 0.538194 0.321296 0.281250 0.547222
778 bed 0.974960 0.206250 0.199074 0.480556 0.552778
797 person 0.987543 0.370139 0.136111 0.213889 0.598148
797 wheelchair 0.996063 0.538194 0.319444 0.281250 0.550000
797 bed 0.975924 0.199306 0.194444 0.492361 0.557407
811 person 0.954847 0.355556 0.136111 0.222917 0.595370
811 wheelchair 0.995708 0.540278 0.319444 0.281250 0.547222
811 bed 0.977890 0.206250 0.194444 0.482639 0.557407
835 person 0.974575 0.345833 0.057407 0.189583 0.763889
835 wheelchair 0.995891 0.540278 0.321296 0.281250 0.547222
835 bed 0.972546 0.209028 0.201852 0.482639 0.552778
856 person 0.935699 0.355556 0.138889 0.222917 0.600926
856 wheelchair 0.995712 0.540278 0.321296 0.281250 0.547222
856 bed 0.975371 0.211111 0.194444 0.470833 0.557407
877 person 0.970758 0.360417 0.170370 0.218750 0.605556
877 wheelchair 0.996508 0.540278 0.319444 0.278472 0.552778
877 bed 0.961643 0.218750 0.215741 0.461111 0.516667
887 person 0.976465 0.362500 0.177778 0.213889 0.593518
887 wheelchair 0.996426 0.540278 0.319444 0.281250 0.552778
887 bed 0.964804 0.211111 0.215741 0.470833 0.518519
912 person 0.908305 0.309722 0.244444 0.319444 0.482407
912 bed 0.966535 0.218750 0.244444 0.451389 0.477778
912 wheelchair 0.995827 0.540278 0.324074 0.278472 0.545370
933 person 0.949347 0.365278 0.196296 0.206250 0.569444
933 bed 0.965125 0.215972 0.237963 0.459028 0.487963
933 wheelchair 0.996028 0.540278 0.321296 0.278472 0.550000
957 person 0.925268 0.312500 0.263889 0.314583 0.458333
957 bed 0.974219 0.209028 0.250000 0.468750 0.473148
957 wheelchair 0.996197 0.540278 0.319444 0.278472 0.550000
967 person 0.893285 0.309722 0.261111 0.319444 0.461111
967 bed 0.972479 0.211111 0.250000 0.461111 0.473148
967 wheelchair 0.996091 0.540278 0.316667 0.278472 0.554630
983 person 0.895741 0.309722 0.254630 0.314583 0.468519
983 bed 0.959489 0.218750 0.251852 0.449306 0.468519
983 wheelchair 0.995722 0.543056 0.321296 0.276389 0.550000
988 person 0.852486 0.302778 0.247222 0.326389 0.473148
988 bed 0.951731 0.225694 0.247222 0.434722 0.473148
988 wheelchair 0.995589 0.543056 0.319444 0.276389 0.552778
999 person 0.837035 0.307639 0.196296 0.271528 0.554630
999 bed 0.938908 0.230556 0.232407 0.427778 0.494444
999 wheelchair 0.995314 0.540278 0.326852 0.278472 0.540741
1006 person 0.782103 0.345833 0.177778 0.240278 0.598148
1006 bed 0.950763 0.225694 0.230556 0.434722 0.500000
1006 wheelchair 0.995451 0.540278 0.324074 0.278472 0.547222
1018 person 0.888342 0.316667 0.187037 0.247222 0.581481
1018 bed 0.906692 0.245139 0.220370 0.391667 0.516667
1018 wheelchair 0.994691 0.543056 0.321296 0.276389 0.550000
1023 person 0.832955 0.314583 0.194444 0.256944 0.566667
1023 bed 0.924292 0.237500 0.227778 0.413194 0.501852
1023 wheelchair 0.994723 0.543056 0.321296 0.276389 0.550000
1047 person 0.809958 0.314583 0.170370 0.259028 0.602778
1047 bed 0.929129 0.240278 0.208333 0.413194 0.535185
1047 wheelchair 0.994954 0.543056 0.319444 0.278472 0.554630
1069 person 0.910086 0.271528 0.369444 0.256944 0.600926
1069 bed 0.974705 0.163194 0.203704 0.554861 0.545370
1069 wheelchair 0.994002 0.545139 0.326852 0.276389 0.542593
1091 person 0.615421 0.177778 0.485185 0.393750 0.528704
1091 bed 0.992155 0.160417 0.218519 0.564583 0.509259
1091 wheelchair 0.992316 0.545139 0.328704 0.273611 0.535185
1115 person 0.727758 0.211111 0.574074 0.329167 0.434259
1115 bed 0.986293 0.158333 0.223148 0.571528 0.489815
1115 wheelchair 0.992634 0.545139 0.328704 0.273611 0.535185
1133 person 0.924356 0.285417 0.437037 0.237500 0.578704
1133 bed 0.982099 0.153472 0.206481 0.576389 0.530556
1133 wheelchair 0.993919 0.545139 0.326852 0.273611 0.540741
1139 person 0.933800 0.268750 0.372222 0.273611 0.610185
1139 bed 0.977499 0.158333 0.203704 0.564583 0.540741
1139 wheelchair 0.993832 0.545139 0.326852 0.273611 0.540741
1153 person 0.970797 0.297917 0.386111 0.230556 0.569444
1153 wheelchair 0.993933 0.547917 0.326852 0.271528 0.537963
1153 bed 0.971858 0.170139 0.206481 0.540278 0.540741
1165 person 0.991574 0.285417 0.372222 0.259028 0.578704
1165 bed 0.982000 0.165278 0.227778 0.557639 0.494444
1165 wheelchair 0.996089 0.543056 0.324074 0.278472 0.537963
1177 person 0.927906 0.235417 0.201852 0.388889 0.547222
1177 bed 0.929018 0.232639 0.206481 0.401389 0.537963
1177 wheelchair 0.994329 0.543056 0.324074 0.276389 0.547222
1185 person 0.976169 0.312500 0.081481 0.252083 0.682407
1185 wheelchair 0.995411 0.540278 0.324074 0.278472 0.545370
1185 bed 0.968534 0.199306 0.199074 0.500000 0.557407
1190 person 0.959273 0.343750 0.001852 0.201389 0.797222
1190 wheelchair 0.995676 0.538194 0.321296 0.283333 0.547222
1190 bed 0.974507 0.196528 0.208333 0.506944 0.540741
1202 person 0.960395 0.343750 0.112963 0.191667 0.662963
1202 wheelchair 0.995758 0.540278 0.324074 0.278472 0.545370
1202 bed 0.971215 0.213889 0.220370 0.463889 0.506481
1227 person 0.957768 0.343750 0.071296 0.206250 0.732407
1227 wheelchair 0.995834 0.540278 0.321296 0.278472 0.550000
1227 bed 0.973509 0.206250 0.201852 0.482639 0.547222
1236 person 0.961435 0.350694 0.050000 0.194444 0.775926
1236 wheelchair 0.995609 0.543056 0.321296 0.278472 0.547222
1236 bed 0.969617 0.209028 0.199074 0.480556 0.552778
1248 person 0.961099 0.345833 0.069444 0.204167 0.739815
1248 wheelchair 0.995743 0.540278 0.321296 0.281250 0.547222
1248 bed 0.969050 0.209028 0.196296 0.477778 0.554630
1258 person 0.911266 0.347917 0.098148 0.206250 0.706481
1258 wheelchair 0.996161 0.535417 0.321296 0.283333 0.547222
1258 bed 0.971035 0.220833 0.203704 0.456250 0.535185
1263 person 0.835440 0.362500 0.155556 0.204167 0.625000
1263 wheelchair 0.996008 0.538194 0.319444 0.283333 0.550000
1263 bed 0.969386 0.220833 0.208333 0.451389 0.528704
1277 person 0.961439 0.357639 0.126852 0.220833 0.612963
1277 wheelchair 0.996042 0.538194 0.316667 0.283333 0.552778
1277 bed 0.978643 0.204167 0.194444 0.485417 0.559259
1287 person 0.973295 0.362500 0.125000 0.213889 0.614815
1287 wheelchair 0.996039 0.538194 0.319444 0.283333 0.547222
1287 bed 0.978069 0.204167 0.199074 0.482639 0.554630
1295 person 0.974379 0.362500 0.125000 0.213889 0.619444
1295 wheelchair 0.995957 0.538194 0.319444 0.283333 0.547222
1295 bed 0.975157 0.206250 0.194444 0.477778 0.559259
1296 person 0.980370 0.365278 0.122222 0.211111 0.622222
1296 wheelchair 0.995910 0.538194 0.319444 0.283333 0.547222
1296 bed 0.974591 0.206250 0.194444 0.477778 0.562037
1316 person 0.967712 0.370139 0.153704 0.201389 0.631481
1316 wheelchair 0.995614 0.538194 0.319444 0.283333 0.547222
1316 bed 0.970724 0.209028 0.206481 0.475694 0.537963
1322 person 0.977668 0.370139 0.162963 0.204167 0.617593
1322 wheelchair 0.995926 0.538194 0.321296 0.283333 0.545370
1322 bed 0.972108 0.211111 0.215741 0.472917 0.523148
1335 person 0.943842 0.360417 0.143519 0.215972 0.646296
1335 wheelchair 0.995343 0.538194 0.321296 0.283333 0.545370
1335 bed 0.974974 0.211111 0.196296 0.472917 0.559259
1341 person 0.959341 0.360417 0.125000 0.222917 0.636111
1341 wheelchair 0.995698 0.538194 0.319444 0.285417 0.547222
1341 bed 0.975897 0.211111 0.189815 0.470833 0.574074
1356 person 0.977097 0.362500 0.125000 0.215972 0.614815
1356 wheelchair 0.996040 0.538194 0.321296 0.281250 0.545370
1356 bed 0.977987 0.204167 0.196296 0.487500 0.557407
1381 person 0.968572 0.331250 0.256481 0.285417 0.473148
1381 wheelchair 0.996289 0.540278 0.319444 0.281250 0.547222
1381 bed 0.982033 0.196528 0.239815 0.492361 0.487963
1404 person 0.963856 0.367361 0.175000 0.204167 0.602778
1404 wheelchair 0.995911 0.538194 0.321296 0.283333 0.547222
1404 bed 0.969037 0.206250 0.220370 0.477778 0.511111
1418 person 0.943056 0.367361 0.175000 0.204167 0.605556
1418 wheelchair 0.996240 0.538194 0.324074 0.283333 0.540741
1418 bed 0.961510 0.213889 0.218519 0.465972 0.516667
1435 person 0.873039 0.350694 0.138889 0.230556 0.665741
1435 bed 0.954606 0.230556 0.211111 0.437500 0.528704
1435 wheelchair 0.995874 0.538194 0.326852 0.283333 0.535185
1449 person 0.851383 0.307639 0.172222 0.271528 0.595370
1449 bed 0.945026 0.232639 0.211111 0.425000 0.530556
1449 wheelchair 0.995828 0.538194 0.326852 0.281250 0.537963
1450 person 0.863660 0.309722 0.177778 0.268750 0.588889
1450 bed 0.943402 0.235417 0.211111 0.422917 0.530556
1450 wheelchair 0.995817 0.538194 0.326852 0.283333 0.537963
1453 person 0.842648 0.309722 0.182407 0.268750 0.581481
1453 bed 0.946481 0.232639 0.213889 0.427778 0.530556
1453 wheelchair 0.995673 0.538194 0.326852 0.283333 0.540741
1464 person 0.890623 0.357639 0.170370 0.215972 0.610185
1464 bed 0.945448 0.230556 0.218519 0.432639 0.521296
1464 wheelchair 0.995439 0.540278 0.324074 0.281250 0.542593
1466 person 0.857881 0.352778 0.167593 0.222917 0.617593
1466 bed 0.949269 0.227778 0.220370 0.434722 0.518519
1466 wheelchair 0.995453 0.540278 0.324074 0.281250 0.542593
1484 person 0.889529 0.316667 0.239815 0.242361 0.528704
1484 bed 0.913147 0.247222 0.227778 0.386806 0.511111
1484 wheelchair 0.995558 0.540278 0.321296 0.278472 0.550000
1486 person 0.864805 0.319444 0.237963 0.242361 0.528704
1486 bed 0.887252 0.245139 0.250000 0.384028 0.470370
1486 wheelchair 0.995847 0.540278 0.319444 0.278472 0.550000
1509 person 0.949212 0.242361 0.461111 0.309722 0.571296
1509 bed 0.991754 0.153472 0.215741 0.576389 0.511111
1509 wheelchair 0.992118 0.545139 0.328704 0.273611 0.537963
1513 person 0.947699 0.250000 0.449074 0.297917 0.595370
1513 bed 0.977319 0.156250 0.213889 0.571528 0.509259
1513 wheelchair 0.991380 0.545139 0.331481 0.271528 0.535185
1519 person 0.977946 0.271528 0.602778 0.254167 0.384259
1519 bed 0.979213 0.156250 0.220370 0.576389 0.492593
1519 wheelchair 0.992703 0.545139 0.328704 0.271528 0.537963
1529 person 0.946360 0.250000 0.658333 0.297917 0.343519
1529 bed 0.992682 0.158333 0.230556 0.571528 0.477778
1529 wheelchair 0.993210 0.543056 0.336111 0.276389 0.525926
1545 person 0.955426 0.245139 0.646296 0.297917 0.352778
1545 bed 0.994137 0.156250 0.232407 0.574306 0.473148
1545 wheelchair 0.993603 0.543056 0.333333 0.278472 0.525926
1551 person 0.955235 0.191667 0.660185 0.343750 0.336111
1551 bed 0.992526 0.160417 0.227778 0.569444 0.480556
1551 wheelchair 0.994380 0.540278 0.336111 0.278472 0.518519
1566 person 0.829318 0.172917 0.593518 0.295139 0.388889
1566 bed 0.989639 0.158333 0.230556 0.571528 0.475926
1566 wheelchair 0.993631 0.543056 0.333333 0.278472 0.525926
1588 person 0.968656 0.134028 0.564815 0.290278 0.429630
1588 bed 0.991684 0.151389 0.227778 0.586111 0.477778
1588 wheelchair 0.993840 0.540278 0.328704 0.281250 0.537963
1612 person 0.988789 0.047917 0.213889 0.314583 0.701852
1612 wheelchair 0.994015 0.538194 0.326852 0.283333 0.540741
1612 bed 0.943599 0.143750 0.215741 0.562500 0.497222
1615 person 0.987917 0.057639 0.167593 0.302778 0.775926
1615 wheelchair 0.994100 0.538194 0.326852 0.283333 0.540741
1615 bed 0.930354 0.158333 0.227778 0.535417 0.451852
1630 person 0.943547 0.110417 0.114815 0.256944 0.898148
1630 wheelchair 0.995293 0.538194 0.326852 0.283333 0.535185
1630 bed 0.862892 0.189583 0.196296 0.502083 0.542593
