0 bed 0.380418 0.066667 0.000000 0.816667 1.187037
8 personsleep 0.878758 0.343750 0.521296 0.350694 0.239815
8 person 0.878758 0.643750 0.521296 0.350694 0.239815
8 wheelchair 0.993238 0.574306 0.523148 0.250000 0.453704
8 bed 0.761954 0.297917 0.465741 0.495139 0.427778
21 personsleep 0.891486 0.338889 0.523148 0.365278 0.244444
21 wheelchair 0.993886 0.574306 0.523148 0.247222 0.458333
21 bed 0.781863 0.276389 0.477778 0.490278 0.398148
43 personsleep 0.911162 0.347917 0.535185 0.319444 0.167593
43 wheelchair 0.993670 0.576389 0.528704 0.247222 0.453704
43 bed 0.805276 0.290278 0.465741 0.509028 0.429630
67 personsleep 0.911730 0.347917 0.535185 0.316667 0.167593
67 wheelchair 0.994309 0.576389 0.528704 0.247222 0.451852
67 bed 0.829976 0.288194 0.465741 0.511806 0.429630
92 personsleep 0.918158 0.347917 0.535185 0.316667 0.167593
92 wheelchair 0.994264 0.576389 0.525926 0.247222 0.453704
92 bed 0.802300 0.288194 0.463889 0.513889 0.432407
110 personsleep 0.916855 0.347917 0.535185 0.316667 0.167593
110 wheelchair 0.994576 0.576389 0.528704 0.250000 0.451852
110 bed 0.804538 0.285417 0.465741 0.513889 0.429630
121 personsleep 0.923383 0.345833 0.535185 0.319444 0.167593
121 wheelchair 0.994107 0.576389 0.528704 0.247222 0.451852
121 bed 0.771618 0.288194 0.463889 0.511806 0.432407
128 personsleep 0.915285 0.345833 0.533333 0.319444 0.170370
128 wheelchair 0.994714 0.574306 0.525926 0.250000 0.453704
128 bed 0.818840 0.285417 0.463889 0.516667 0.432407
147 personsleep 0.910470 0.347917 0.535185 0.314583 0.167593
147 wheelchair 0.994240 0.574306 0.525926 0.250000 0.451852
147 bed 0.821244 0.285417 0.465741 0.516667 0.429630
151 personsleep 0.912334 0.347917 0.535185 0.316667 0.165741
151 wheelchair 0.994366 0.574306 0.525926 0.250000 0.451852
151 bed 0.827056 0.288194 0.468519 0.513889 0.427778
174 personsleep 0.891110 0.347917 0.533333 0.314583 0.170370
174 wheelchair 0.994454 0.576389 0.525926 0.247222 0.453704
174 bed 0.849759 0.285417 0.465741 0.516667 0.427778
188 personsleep 0.885350 0.347917 0.533333 0.314583 0.170370
188 wheelchair 0.993679 0.576389 0.525926 0.245139 0.453704
188 bed 0.852622 0.285417 0.468519 0.513889 0.427778
207 personsleep 0.894988 0.352778 0.545370 0.309722 0.129630
207 wheelchair 0.994712 0.574306 0.523148 0.247222 0.456481
207 bed 0.886163 0.295139 0.463889 0.497222 0.437037
220 person 0.607730 0.324306 0.533333 0.326389 0.150926
220 wheelchair 0.994240 0.571528 0.523148 0.252083 0.456481
220 bed 0.938472 0.290278 0.473148 0.511806 0.412963
238 personsleep 0.905728 0.338889 0.537963 0.295139 0.138889
238 person 0.251069 0.360417 0.542593 0.261806 0.131481
238 wheelchair 0.992097 0.574306 0.528704 0.250000 0.449074
238 bed 0.930832 0.293056 0.470370 0.509028 0.422222
249 personsleep 0.894395 0.331250 0.537963 0.309722 0.158333
249 wheelchair 0.993572 0.574306 0.525926 0.250000 0.456481
249 bed 0.928380 0.285417 0.480556 0.518750 0.434259
258 personsleep 0.936270 0.336111 0.533333 0.302778 0.153704
258 wheelchair 0.994761 0.574306 0.523148 0.250000 0.458333
258 bed 0.929074 0.300000 0.451852 0.497222 0.461111
271 personsleep 0.837326 0.336111 0.535185 0.297917 0.165741
271 person 0.234037 0.336111 0.540741 0.297917 0.160185
271 wheelchair 0.994054 0.574306 0.525926 0.252083 0.453704
271 bed 0.947605 0.295139 0.463889 0.506944 0.432407
286 personsleep 0.972597 0.331250 0.537963 0.309722 0.162963
286 wheelchair 0.993448 0.574306 0.523148 0.250000 0.458333
286 bed 0.943168 0.293056 0.482407 0.504167 0.432407
311 person 0.994229 0.360417 0.497222 0.281250 0.194444
311 wheelchair 0.992815 0.569444 0.521296 0.256944 0.456481
311 bed 0.928941 0.283333 0.485185 0.521528 0.386111
326 person 0.990598 0.355556 0.509259 0.290278 0.175000
326 wheelchair 0.994010 0.571528 0.521296 0.254167 0.456481
326 bed 0.892513 0.247222 0.480556 0.550000 0.396296
331 person 0.985497 0.357639 0.511111 0.283333 0.170370
331 wheelchair 0.994298 0.571528 0.521296 0.254167 0.458333
331 bed 0.878570 0.281250 0.487963 0.526389 0.386111
356 personsleep 0.901913 0.357639 0.530556 0.300000 0.134259
356 wheelchair 0.994548 0.569444 0.523148 0.256944 0.456481
356 bed 0.869259 0.266667 0.453704 0.518750 0.451852
359 personsleep 0.967567 0.355556 0.533333 0.309722 0.129630
359 wheelchair 0.994756 0.569444 0.523148 0.256944 0.456481
359 bed 0.897145 0.271528 0.451852 0.506944 0.458333
377 personsleep 0.955502 0.355556 0.535185 0.304861 0.119444
377 wheelchair 0.993957 0.571528 0.523148 0.252083 0.456481
377 bed 0.930967 0.268750 0.453704 0.513889 0.451852
392 personsleep 0.968047 0.352778 0.535185 0.312500 0.125000
392 wheelchair 0.994625 0.571528 0.521296 0.254167 0.461111
392 bed 0.928531 0.271528 0.453704 0.509028 0.449074
414 personsleep 0.938651 0.355556 0.535185 0.304861 0.126852
414 wheelchair 0.995086 0.571528 0.523148 0.254167 0.458333
414 bed 0.895182 0.281250 0.473148 0.523611 0.410185
417 personsleep 0.949280 0.355556 0.535185 0.302778 0.126852
417 wheelchair 0.994985 0.571528 0.523148 0.252083 0.456481
417 bed 0.897847 0.283333 0.475926 0.521528 0.408333
428 person 0.988198 0.372222 0.506481 0.278472 0.170370
428 wheelchair 0.994681 0.571528 0.521296 0.254167 0.456481
428 bed 0.882677 0.276389 0.487963 0.535417 0.384259
453 person 0.986251 0.357639 0.506481 0.276389 0.189815
453 wheelchair 0.993394 0.571528 0.525926 0.254167 0.449074
453 bed 0.893754 0.285417 0.485185 0.521528 0.386111
465 personsleep 0.952892 0.345833 0.530556 0.285417 0.148148
465 wheelchair 0.993412 0.571528 0.528704 0.252083 0.449074
465 bed 0.936787 0.281250 0.473148 0.528472 0.412963
469 personsleep 0.802974 0.340972 0.535185 0.300000 0.143519
469 person 0.242859 0.362500 0.540741 0.285417 0.131481
469 wheelchair 0.993775 0.571528 0.525926 0.252083 0.453704
469 bed 0.950246 0.278472 0.468519 0.533333 0.425000
494 personsleep 0.955534 0.329167 0.540741 0.316667 0.155556
494 wheelchair 0.994176 0.574306 0.525926 0.247222 0.453704
494 bed 0.929453 0.295139 0.480556 0.497222 0.437037
518 personsleep 0.888599 0.350694 0.525926 0.326389 0.225926
518 wheelchair 0.993449 0.574306 0.525926 0.250000 0.451852
518 bed 0.923530 0.285417 0.480556 0.518750 0.437037
534 personsleep 0.907657 0.357639 0.533333 0.295139 0.162963
534 wheelchair 0.994796 0.574306 0.521296 0.252083 0.461111
534 bed 0.930641 0.290278 0.451852 0.513889 0.458333
541 personsleep 0.451339 0.367361 0.533333 0.263889 0.150926
541 person 0.652458 0.329167 0.535185 0.324306 0.148148
541 wheelchair 0.994370 0.571528 0.523148 0.252083 0.456481
541 bed 0.956459 0.290278 0.473148 0.516667 0.415741
565 person 0.993098 0.365278 0.500000 0.281250 0.189815
565 wheelchair 0.993710 0.571528 0.518519 0.254167 0.461111
565 bed 0.916448 0.281250 0.482407 0.528472 0.388889
576 person 0.984672 0.360417 0.513889 0.290278 0.165741
576 wheelchair 0.994002 0.571528 0.521296 0.254167 0.458333
576 bed 0.891348 0.254167 0.482407 0.538194 0.398148
593 personsleep 0.959091 0.345833 0.537963 0.316667 0.129630
593 wheelchair 0.994325 0.571528 0.523148 0.254167 0.456481
593 bed 0.876461 0.278472 0.470370 0.528472 0.417593
610 personsleep 0.976420 0.352778 0.535185 0.312500 0.126852
610 wheelchair 0.994477 0.571528 0.523148 0.254167 0.458333
610 bed 0.870302 0.273611 0.458333 0.500000 0.444444
622 personsleep 0.976333 0.352778 0.535185 0.307639 0.122222
622 wheelchair 0.994767 0.571528 0.521296 0.252083 0.461111
622 bed 0.898222 0.271528 0.453704 0.506944 0.451852
639 personsleep 0.976997 0.352778 0.535185 0.309722 0.122222
639 wheelchair 0.994658 0.571528 0.521296 0.252083 0.461111
639 bed 0.891002 0.297917 0.458333 0.492361 0.434259
650 personsleep 0.976198 0.347917 0.537963 0.321528 0.122222
650 wheelchair 0.994637 0.571528 0.523148 0.252083 0.458333
650 bed 0.879359 0.268750 0.458333 0.513889 0.441667
660 personsleep 0.923381 0.350694 0.535185 0.309722 0.126852
660 wheelchair 0.994579 0.571528 0.523148 0.254167 0.458333
660 bed 0.904990 0.283333 0.473148 0.516667 0.412963
669 personsleep 0.837296 0.357639 0.533333 0.300000 0.129630
669 wheelchair 0.993832 0.571528 0.523148 0.252083 0.456481
669 bed 0.904775 0.281250 0.475926 0.523611 0.408333
689 person 0.993190 0.372222 0.500000 0.276389 0.189815
689 wheelchair 0.993447 0.571528 0.521296 0.254167 0.458333
689 bed 0.895570 0.259028 0.482407 0.531250 0.393519
691 person 0.992940 0.370139 0.500000 0.281250 0.187037
691 wheelchair 0.993068 0.571528 0.521296 0.254167 0.456481
691 bed 0.901874 0.281250 0.482407 0.523611 0.393519
697 person 0.991701 0.367361 0.501852 0.283333 0.189815
697 wheelchair 0.993254 0.571528 0.521296 0.252083 0.458333
697 bed 0.924137 0.276389 0.487963 0.538194 0.381481
712 personsleep 0.752728 0.375000 0.540741 0.250000 0.136111
712 person 0.383120 0.347917 0.540741 0.288194 0.153704
712 wheelchair 0.993954 0.574306 0.525926 0.247222 0.456481
712 bed 0.957044 0.290278 0.470370 0.513889 0.417593
719 personsleep 0.765580 0.357639 0.535185 0.290278 0.162963
719 wheelchair 0.994115 0.574306 0.525926 0.250000 0.453704
719 bed 0.935192 0.288194 0.468519 0.518750 0.425000
722 personsleep 0.832875 0.355556 0.537963 0.295139 0.143519
722 wheelchair 0.994282 0.574306 0.523148 0.252083 0.456481
722 bed 0.938430 0.290278 0.465741 0.511806 0.432407
736 personsleep 0.834830 0.355556 0.533333 0.297917 0.165741
736 wheelchair 0.994224 0.571528 0.523148 0.252083 0.456481
736 bed 0.922596 0.281250 0.482407 0.526389 0.432407
761 personsleep 0.574986 0.355556 0.513889 0.316667 0.256481
761 person 0.724616 0.338889 0.540741 0.304861 0.155556
761 wheelchair 0.994209 0.571528 0.523148 0.254167 0.453704
761 bed 0.914476 0.288194 0.482407 0.511806 0.427778
784 person 0.863047 0.338889 0.537963 0.312500 0.146296
784 wheelchair 0.994324 0.571528 0.523148 0.252083 0.458333
784 bed 0.943773 0.290278 0.477778 0.513889 0.408333
787 person 0.988609 0.372222 0.506481 0.259028 0.184259
787 wheelchair 0.993264 0.571528 0.523148 0.254167 0.456481
787 bed 0.943103 0.281250 0.489815 0.526389 0.379630
802 person 0.994911 0.362500 0.492593 0.285417 0.194444
802 wheelchair 0.993196 0.571528 0.521296 0.252083 0.458333
802 bed 0.909213 0.283333 0.480556 0.518750 0.393519
821 person 0.986986 0.372222 0.504630 0.276389 0.175000
821 wheelchair 0.994092 0.571528 0.521296 0.254167 0.456481
821 bed 0.875751 0.276389 0.487963 0.538194 0.384259
835 personsleep 0.982687 0.347917 0.535185 0.324306 0.129630
835 wheelchair 0.994782 0.571528 0.521296 0.254167 0.461111
835 bed 0.881862 0.285417 0.470370 0.516667 0.415741
858 personsleep 0.982400 0.347917 0.533333 0.324306 0.129630
858 wheelchair 0.994887 0.574306 0.521296 0.252083 0.463889
858 bed 0.869327 0.295139 0.463889 0.495139 0.429630
874 personsleep 0.980732 0.345833 0.535185 0.326389 0.129630
874 wheelchair 0.994775 0.571528 0.521296 0.252083 0.461111
874 bed 0.875616 0.288194 0.470370 0.511806 0.415741
876 personsleep 0.972345 0.350694 0.535185 0.316667 0.129630
876 wheelchair 0.994831 0.571528 0.521296 0.252083 0.461111
876 bed 0.892044 0.285417 0.473148 0.516667 0.412963
891 person 0.992561 0.370139 0.501852 0.278472 0.177778
891 wheelchair 0.993086 0.571528 0.523148 0.254167 0.456481
891 bed 0.909500 0.259028 0.480556 0.531250 0.400926
909 person 0.992426 0.367361 0.497222 0.273611 0.189815
909 wheelchair 0.994002 0.571528 0.518519 0.254167 0.463889
909 bed 0.884168 0.290278 0.485185 0.506944 0.388889
922 personsleep 0.938984 0.355556 0.540741 0.297917 0.131481
922 wheelchair 0.994252 0.574306 0.523148 0.250000 0.456481
922 bed 0.924584 0.302778 0.470370 0.487500 0.420370
936 personsleep 0.878938 0.352778 0.535185 0.302778 0.146296
936 wheelchair 0.994203 0.574306 0.525926 0.250000 0.453704
936 bed 0.938985 0.293056 0.463889 0.506944 0.437037
957 personsleep 0.807770 0.350694 0.537963 0.307639 0.146296
957 wheelchair 0.993924 0.571528 0.525926 0.252083 0.451852
957 bed 0.923028 0.285417 0.463889 0.521528 0.437037
968 personsleep 0.871879 0.377083 0.537963 0.256944 0.138889
968 person 0.293326 0.352778 0.537963 0.278472 0.143519
968 wheelchair 0.993720 0.574306 0.525926 0.250000 0.453704
968 bed 0.925440 0.288194 0.470370 0.513889 0.417593
979 person 0.993101 0.365278 0.500000 0.263889 0.189815
979 wheelchair 0.993204 0.571528 0.523148 0.252083 0.453704
979 bed 0.929483 0.293056 0.482407 0.506944 0.388889
998 person 0.993274 0.375000 0.501852 0.271528 0.177778
998 wheelchair 0.993454 0.574306 0.523148 0.252083 0.456481
998 bed 0.913567 0.283333 0.485185 0.523611 0.384259
1014 person 0.955726 0.370139 0.516667 0.281250 0.155556
1014 wheelchair 0.994403 0.571528 0.521296 0.256944 0.456481
1014 bed 0.929735 0.281250 0.482407 0.526389 0.391667
1019 personsleep 0.779904 0.360417 0.533333 0.295139 0.134259
1019 wheelchair 0.994344 0.571528 0.523148 0.254167 0.456481
1019 bed 0.928442 0.283333 0.477778 0.521528 0.400926
1032 personsleep 0.980777 0.347917 0.530556 0.331250 0.129630
1032 wheelchair 0.994521 0.571528 0.523148 0.254167 0.458333
1032 bed 0.860685 0.276389 0.451852 0.500000 0.456481
1033 personsleep 0.983638 0.355556 0.513889 0.307639 0.150926
1033 wheelchair 0.994599 0.571528 0.523148 0.254167 0.458333
1033 bed 0.859718 0.276389 0.449074 0.497222 0.458333
1051 personsleep 0.983770 0.352778 0.533333 0.321528 0.126852
1051 wheelchair 0.994425 0.571528 0.523148 0.252083 0.458333
1051 bed 0.866260 0.273611 0.446296 0.502083 0.463889
1064 personsleep 0.979527 0.350694 0.530556 0.324306 0.131481
1064 wheelchair 0.994775 0.571528 0.521296 0.252083 0.461111
1064 bed 0.857172 0.293056 0.465741 0.500000 0.427778
1082 person 0.991798 0.377083 0.500000 0.271528 0.179630
1082 wheelchair 0.993420 0.571528 0.523148 0.256944 0.453704
1082 bed 0.908219 0.278472 0.480556 0.528472 0.396296
1107 person 0.989935 0.365278 0.506481 0.283333 0.175000
1107 wheelchair 0.993499 0.571528 0.521296 0.254167 0.458333
1107 bed 0.894264 0.259028 0.480556 0.528472 0.400926
1124 personsleep 0.853926 0.372222 0.540741 0.271528 0.136111
1124 wheelchair 0.994101 0.574306 0.525926 0.247222 0.453704
1124 bed 0.926841 0.288194 0.468519 0.516667 0.427778
1135 personsleep 0.872106 0.362500 0.535185 0.290278 0.158333
1135 wheelchair 0.994479 0.574306 0.525926 0.250000 0.453704
1135 bed 0.931604 0.293056 0.461111 0.506944 0.439815
1151 personsleep 0.851742 0.352778 0.537963 0.304861 0.146296
1151 wheelchair 0.994187 0.574306 0.523148 0.252083 0.456481
1151 bed 0.927625 0.288194 0.465741 0.513889 0.432407
1173 personsleep 0.695526 0.381944 0.537963 0.252083 0.141667
1173 person 0.465714 0.343750 0.533333 0.300000 0.153704
1173 wheelchair 0.994096 0.574306 0.523148 0.250000 0.456481
1173 bed 0.941375 0.288194 0.477778 0.518750 0.408333
1195 person 0.993813 0.370139 0.497222 0.283333 0.187037
1195 wheelchair 0.992991 0.571528 0.521296 0.254167 0.456481
1195 bed 0.923160 0.278472 0.482407 0.531250 0.393519
1211 person 0.991317 0.375000 0.497222 0.273611 0.191667
1211 wheelchair 0.992876 0.571528 0.523148 0.254167 0.453704
1211 bed 0.904241 0.273611 0.487963 0.540278 0.381481
1228 personsleep 0.971285 0.347917 0.535185 0.319444 0.129630
1228 wheelchair 0.994462 0.571528 0.525926 0.254167 0.451852
1228 bed 0.908016 0.283333 0.475926 0.521528 0.405556
1252 personsleep 0.981523 0.355556 0.535185 0.314583 0.126852
1252 wheelchair 0.994075 0.571528 0.523148 0.252083 0.458333
1252 bed 0.876791 0.293056 0.461111 0.500000 0.432407
1253 personsleep 0.982067 0.355556 0.535185 0.314583 0.126852
1253 wheelchair 0.994065 0.571528 0.523148 0.252083 0.458333
1253 bed 0.875045 0.295139 0.461111 0.497222 0.432407
1270 personsleep 0.980884 0.355556 0.535185 0.316667 0.125000
1270 wheelchair 0.993933 0.574306 0.525926 0.252083 0.453704
1270 bed 0.855927 0.293056 0.465741 0.502083 0.425000
1291 person 0.994337 0.370139 0.492593 0.278472 0.189815
1291 wheelchair 0.992977 0.571528 0.523148 0.254167 0.456481
1291 bed 0.907696 0.278472 0.477778 0.528472 0.403704
1297 person 0.992739 0.375000 0.497222 0.271528 0.177778
1297 wheelchair 0.993204 0.571528 0.523148 0.254167 0.456481
1297 bed 0.920561 0.281250 0.480556 0.526389 0.396296
1317 person 0.988188 0.370139 0.506481 0.266667 0.179630
1317 wheelchair 0.993308 0.571528 0.525926 0.254167 0.451852
1317 bed 0.911303 0.290278 0.487963 0.509028 0.386111
1322 person 0.977122 0.367361 0.516667 0.259028 0.167593
1322 wheelchair 0.993327 0.574306 0.525926 0.250000 0.451852
1322 bed 0.901818 0.288194 0.494444 0.513889 0.374074
1334 personsleep 0.792900 0.352778 0.537963 0.271528 0.143519
1334 person 0.207154 0.347917 0.540741 0.283333 0.153704
1334 wheelchair 0.993667 0.574306 0.525926 0.250000 0.451852
1334 bed 0.946434 0.295139 0.473148 0.504167 0.410185
1358 personsleep 0.800298 0.357639 0.535185 0.295139 0.158333
1358 wheelchair 0.993914 0.571528 0.525926 0.252083 0.453704
1358 bed 0.898692 0.293056 0.463889 0.506944 0.439815
1359 personsleep 0.805068 0.355556 0.537963 0.295139 0.146296
1359 wheelchair 0.993962 0.571528 0.525926 0.252083 0.453704
1359 bed 0.903215 0.295139 0.463889 0.502083 0.439815
1368 personsleep 0.803872 0.352778 0.516667 0.326389 0.250000
1368 wheelchair 0.994447 0.571528 0.523148 0.254167 0.456481
1368 bed 0.920226 0.285417 0.480556 0.518750 0.437037
1379 personsleep 0.692718 0.355556 0.513889 0.321528 0.256481
1379 person 0.446062 0.326389 0.537963 0.329167 0.148148
1379 wheelchair 0.994449 0.571528 0.523148 0.254167 0.458333
1379 bed 0.914905 0.288194 0.482407 0.513889 0.432407
1380 personsleep 0.708992 0.352778 0.513889 0.324306 0.256481
1380 person 0.415484 0.336111 0.537963 0.309722 0.148148
1380 wheelchair 0.994518 0.571528 0.523148 0.254167 0.458333
1380 bed 0.919806 0.285417 0.482407 0.516667 0.432407
1397 personsleep 0.702765 0.381944 0.537963 0.245139 0.141667
1397 person 0.502299 0.340972 0.535185 0.302778 0.148148
1397 wheelchair 0.993845 0.574306 0.525926 0.250000 0.453704
1397 bed 0.924306 0.290278 0.477778 0.511806 0.405556
1410 person 0.988420 0.367361 0.506481 0.268750 0.179630
1410 wheelchair 0.992725 0.574306 0.525926 0.252083 0.451852
1410 bed 0.942766 0.288194 0.485185 0.513889 0.384259
1421 person 0.994626 0.370139 0.497222 0.273611 0.187037
1421 wheelchair 0.993852 0.571528 0.521296 0.252083 0.456481
1421 bed 0.941145 0.283333 0.480556 0.521528 0.396296
1425 person 0.993059 0.375000 0.497222 0.273611 0.182407
1425 wheelchair 0.993624 0.571528 0.523148 0.252083 0.456481
1425 bed 0.950799 0.278472 0.482407 0.533333 0.391667
1435 person 0.993262 0.372222 0.500000 0.271528 0.182407
1435 wheelchair 0.993737 0.571528 0.523148 0.252083 0.453704
1435 bed 0.909867 0.281250 0.485185 0.526389 0.388889
1460 personsleep 0.981727 0.352778 0.516667 0.309722 0.150926
1460 wheelchair 0.994164 0.571528 0.523148 0.252083 0.458333
1460 bed 0.868799 0.288194 0.465741 0.506944 0.427778
1485 personsleep 0.980663 0.355556 0.533333 0.316667 0.129630
1485 wheelchair 0.993853 0.574306 0.521296 0.250000 0.463889
1485 bed 0.857750 0.295139 0.461111 0.497222 0.432407
1489 personsleep 0.983132 0.355556 0.533333 0.314583 0.126852
1489 wheelchair 0.994014 0.574306 0.523148 0.250000 0.458333
1489 bed 0.859256 0.295139 0.461111 0.497222 0.432407
1497 personsleep 0.983623 0.360417 0.513889 0.295139 0.150926
1497 wheelchair 0.994385 0.574306 0.523148 0.250000 0.458333
1497 bed 0.857882 0.293056 0.463889 0.497222 0.429630
1511 personsleep 0.229942 0.336111 0.525926 0.314583 0.141667
1511 person 0.836963 0.367361 0.523148 0.283333 0.141667
1511 wheelchair 0.994047 0.571528 0.523148 0.256944 0.456481
1511 bed 0.910868 0.281250 0.482407 0.526389 0.391667
1525 person 0.992536 0.372222 0.494444 0.276389 0.182407
1525 wheelchair 0.992711 0.571528 0.523148 0.254167 0.456481
1525 bed 0.910113 0.283333 0.477778 0.521528 0.398148
1531 person 0.991901 0.377083 0.497222 0.271528 0.182407
1531 wheelchair 0.993075 0.571528 0.523148 0.254167 0.453704
1531 bed 0.916487 0.285417 0.480556 0.513889 0.398148
1535 person 0.992012 0.377083 0.497222 0.268750 0.187037
1535 wheelchair 0.993367 0.571528 0.521296 0.254167 0.456481
1535 bed 0.912899 0.283333 0.485185 0.518750 0.391667
1554 personsleep 0.908381 0.372222 0.540741 0.271528 0.131481
1554 wheelchair 0.994820 0.571528 0.523148 0.252083 0.458333
1554 bed 0.944126 0.304861 0.465741 0.480556 0.432407
1556 personsleep 0.861353 0.372222 0.537963 0.268750 0.138889
1556 wheelchair 0.994552 0.574306 0.523148 0.252083 0.458333
1556 bed 0.931415 0.302778 0.470370 0.487500 0.422222
1566 personsleep 0.805718 0.347917 0.535185 0.288194 0.150926
1566 wheelchair 0.993617 0.574306 0.525926 0.250000 0.453704
1566 bed 0.918740 0.300000 0.463889 0.495139 0.434259
1590 personsleep 0.819611 0.365278 0.533333 0.281250 0.165741
1590 wheelchair 0.994241 0.571528 0.523148 0.252083 0.458333
1590 bed 0.910689 0.290278 0.477778 0.506944 0.439815
1610 personsleep 0.772269 0.355556 0.516667 0.321528 0.254630
1610 wheelchair 0.993793 0.574306 0.523148 0.252083 0.461111
1610 bed 0.920321 0.295139 0.477778 0.497222 0.441667
1635 person 0.991928 0.379167 0.494444 0.268750 0.194444
1635 wheelchair 0.993025 0.571528 0.523148 0.254167 0.453704
1635 bed 0.931866 0.283333 0.485185 0.521528 0.388889
1648 person 0.989275 0.375000 0.501852 0.266667 0.191667
1648 wheelchair 0.993703 0.571528 0.521296 0.252083 0.458333
1648 bed 0.937902 0.285417 0.485185 0.516667 0.386111
1668 person 0.946127 0.345833 0.525926 0.329167 0.158333
1668 wheelchair 0.994514 0.571528 0.518519 0.254167 0.463889
1668 bed 0.925544 0.278472 0.487963 0.535417 0.386111
1688 personsleep 0.971315 0.340972 0.537963 0.340972 0.141667
1688 wheelchair 0.993968 0.574306 0.523148 0.250000 0.456481
1688 bed 0.861097 0.295139 0.465741 0.495139 0.432407
1701 person 0.930170 0.352778 0.518519 0.316667 0.162963
1701 wheelchair 0.994656 0.574306 0.516667 0.252083 0.468519
1701 bed 0.940287 0.283333 0.480556 0.523611 0.396296
1705 person 0.984871 0.367361 0.511111 0.288194 0.172222
1705 wheelchair 0.992844 0.574306 0.525926 0.252083 0.451852
1705 bed 0.933726 0.276389 0.492593 0.535417 0.376852
