-1
0 0 0 0 0 0 0 0 0 0 0 0 0 0 0 0 0 0 0 0 0 0 0 0 0 0 0 0 0 0 0 0 0 0 0 0 0 0 0 0 0 0 0 0 0 0 0 0 0 0 
-1000 -1000 -1000 -1000 -1000 -1000 -1000 -1000 -1000 -1000 -1000 -1000 -1000 -1000 -1000 -1000 -1000 -1000 -1000 -1000 -1000 -1000 -1000 -1000 -1000 -1000 -1000 -1000 -1000 -1000 -1000 -1000 -1000 -1000 -1000 -1000 -1000 -1000 -1000 -1000 -1000 -1000 -1000 -1000 -1000 -1000 -1000 -1000 -1000 -1000 -1000 -1000 -1000 -1000 -1000 -1000 -1000 -1000 -1000 -1000 -1000 -1000 -1000 -1000 -1000 -1000 -1000 -1000 -1000 -1000 -1000 -1000 -1000 -1000 -1000 
-1
0 0 0 0 0 0 0 0 0 0 0 0 0 0 0 0 0 0 0 0 0 0 0 0 0 0 0 0 0 0 0 0 0 0 0 0 0 0 0 0 0 0 0 0 0 0 0 0 0 0 
-1000 -1000 -1000 -1000 -1000 -1000 -1000 -1000 -1000 -1000 -1000 -1000 -1000 -1000 -1000 -1000 -1000 -1000 -1000 -1000 -1000 -1000 -1000 -1000 -1000 -1000 -1000 -1000 -1000 -1000 -1000 -1000 -1000 -1000 -1000 -1000 -1000 -1000 -1000 -1000 -1000 -1000 -1000 -1000 -1000 -1000 -1000 -1000 -1000 -1000 -1000 -1000 -1000 -1000 -1000 -1000 -1000 -1000 -1000 -1000 -1000 -1000 -1000 -1000 -1000 -1000 -1000 -1000 -1000 -1000 -1000 -1000 -1000 -1000 -1000 
-1
0 0 0 0 0 0 0 0 0 0 0 0 0 0 0 0 0 0 0 0 0 0 0 0 0 0 0 0 0 0 0 0 0 0 0 0 0 0 0 0 0 0 0 0 0 0 0 0 0 0 
-1000 -1000 -1000 -1000 -1000 -1000 -1000 -1000 -1000 -1000 -1000 -1000 -1000 -1000 -1000 -1000 -1000 -1000 -1000 -1000 -1000 -1000 -1000 -1000 -1000 -1000 -1000 -1000 -1000 -1000 -1000 -1000 -1000 -1000 -1000 -1000 -1000 -1000 -1000 -1000 -1000 -1000 -1000 -1000 -1000 -1000 -1000 -1000 -1000 -1000 -1000 -1000 -1000 -1000 -1000 -1000 -1000 -1000 -1000 -1000 -1000 -1000 -1000 -1000 -1000 -1000 -1000 -1000 -1000 -1000 -1000 -1000 -1000 -1000 -1000 
-1
637.183 108.239 676.39 131.828 690.119 131.678 633.337 180.812 619.511 153.287 662.705 135.677 633.257 182.692 619.643 149.398 684.222 241.429 699.914 239.458 695.98 319.845 711.689 398.191 668.536 243.394 662.669 323.798 676.407 406.064 0 0 639.14 102.353 668.553 98.4501 650.887 102.363 648.982 411.924 649.011 413.892 682.237 415.819 694.06 400.18 699.941 398.148 715.568 406.036 

-1
635.346 123.94 678.313 149.371 694.057 147.44 716.928 181.138 703.768 161.784 658.765 153.292 635.185 198.429 619.673 165.133 694.043 255.192 711.606 251.261 698.022 335.496 713.723 413.852 678.357 257.169 666.61 339.426 680.328 417.814 0 0 639.192 118.069 676.385 115.985 650.878 118.094 652.886 427.548 654.872 429.46 684.269 429.547 697.937 415.851 705.761 413.896 721.49 419.755 

-1
648.9 135.657 686.183 163.118 707.694 161.152 800.518 181.464 788.024 170.281 666.559 165.121 647.027 214.082 633.293 180.78 697.954 270.821 715.603 264.978 713.574 343.378 727.339 423.643 680.361 272.843 678.333 353.092 693.951 431.453 0 0 648.986 131.787 682.28 123.935 660.718 131.845 668.549 433.457 668.576 437.407 697.896 441.311 707.713 429.56 711.644 425.619 731.241 431.485 

-1
657.73 149.352 697.974 169.032 717.513 165.113 884.109 181.79 872.281 178.778 678.37 178.692 656.794 225.865 647.015 180.718 713.56 274.828 731.226 272.852 727.388 353.161 741.039 431.596 695.979 278.715 692.041 359.052 705.779 443.26 0 0 657.767 142.535 694.06 133.65 666.544 147.333 676.408 447.136 678.378 449.105 711.724 451.093 725.314 443.222 729.247 435.444 744.981 445.153 

-1
666.559 163.047 711.686 178.82 727.325 178.693 967.699 182.116 956.537 187.275 697.891 180.771 666.527 241.407 651.013 208.13 725.396 288.482 742.977 286.506 737.16 366.871 745.078 445.156 709.683 290.437 697.938 370.795 711.664 449.193 0 0 666.548 153.282 698.028 147.417 674.42 155.285 682.253 458.944 684.252 460.895 715.626 460.915 727.402 445.264 733.193 443.275 752.831 449.191 

-1
667.249 168.937 711.718 182.73 727.348 178.843 1051.29 182.443 1040.79 195.772 696.01 192.436 666.625 243.414 652.925 210.058 727.378 292.385 744.925 290.412 741.079 368.836 748.885 449.153 711.661 296.306 699.913 380.504 713.535 458.94 0 0 667.884 160.475 701.854 151.4 678.363 163.195 688.164 462.912 692.082 464.853 717.544 464.846 727.374 460.864 731.282 455.038 756.747 460.87 

-1
667.939 174.827 1113.26 165.042 1125.05 163.194 1134.88 182.769 1125.05 204.269 1099.59 165.161 1095.66 192.481 1109.36 208.12 1119.13 210.115 1123.16 210.053 1121.13 241.366 1121.12 263.046 1105.53 210.145 1105.53 241.394 1109.36 266.913 0 0 669.22 167.668 1117.23 149.31 1101.53 149.377 1109.42 272.783 1107.43 272.789 1109.39 272.762 1123.14 272.795 1126.97 270.89 1121.13 270.791 

-1
668.629 180.718 715.57 194.532 735.166 194.371 758.594 239.533 1098.74 206.787 697.962 196.482 666.594 229.768 656.835 214.044 727.278 304.109 744.889 302.158 744.906 380.579 752.809 458.968 709.677 304.201 705.804 384.514 713.593 464.798 0 0 670.556 174.861 914.408 159.144 680.344 174.855 692.097 472.647 694.014 474.61 719.507 476.529 729.305 462.828 737.141 460.857 758.652 464.883 

-1
675.466 185.625 723.438 200.338 742.94 196.374 758.746 239.512 1072.43 209.304 703.819 208.197 678.31 233.659 664.718 219.954 737.093 304.216 756.678 302.23 748.865 384.444 760.559 462.801 717.547 306.181 711.706 388.372 721.486 470.685 0 0 680.33 178.808 711.581 168.978 684.251 178.863 697.921 476.504 697.961 476.61 727.335 478.582 742.971 472.604 748.861 464.869 762.648 472.682 

-1
682.302 190.532 729.373 200.349 746.968 196.434 767.542 243.451 1046.12 211.822 713.62 208.159 684.278 257.127 680.328 212.075 743.006 308.064 758.749 306.102 758.734 386.437 768.497 464.848 727.279 311.976 721.459 396.178 727.421 474.578 0 0 684.227 180.824 716.515 172.907 696.036 180.742 697.968 478.536 701.843 480.527 733.252 480.468 744.986 476.625 750.836 474.626 774.378 476.626 

-1
686.175 182.713 737.098 206.2 758.634 198.393 776.338 247.391 1019.81 214.339 713.615 210.123 688.153 245.402 683.271 212.089 744.972 306.194 762.632 306.069 760.702 388.413 774.325 466.768 727.381 310.058 725.411 398.182 733.221 474.642 0 0 696.005 180.697 721.449 176.837 701.865 180.776 703.848 480.544 711.632 488.271 742.991 482.436 752.773 476.536 758.649 470.672 778.248 476.636 

-1
692.06 192.434 739.045 210.04 754.791 202.313 776.341 253.209 993.504 216.857 719.493 212.025 694.012 239.499 686.213 212.103 744.935 310.069 760.726 308.057 760.702 390.382 774.317 468.719 727.356 315.894 727.22 400.093 733.208 476.535 0 0 694.049 182.712 723.41 173.558 707.757 180.826 703.84 482.417 711.625 488.328 742.971 484.399 748.924 476.536 756.742 470.669 776.416 478.486 

-1
686.226 184.67 733.225 208.113 754.727 202.277 772.419 241.527 967.195 219.375 713.636 210.095 684.271 257.129 682.949 212.748 743.001 308.075 760.63 306.11 760.581 386.516 772.421 466.759 725.354 310.072 725.32 398.165 733.203 476.475 0 0 692.092 180.695 725.37 170.279 703.804 180.685 701.85 480.504 709.698 486.369 743.007 482.422 752.789 476.528 758.65 468.762 776.368 476.621 

-1
682.234 180.802 729.247 208.124 754.738 202.289 772.366 243.387 940.885 221.892 703.815 210.186 684.29 259.162 679.684 213.392 742.947 306.158 760.624 304.206 758.656 384.436 772.35 462.833 723.366 308.115 723.406 392.288 729.327 472.631 0 0 684.209 178.759 727.33 167 696.041 178.795 699.909 476.612 705.792 478.604 739.114 478.623 747.003 468.741 756.711 464.778 776.282 474.601 

-1
688.129 176.83 729.341 194.522 750.818 194.381 774.291 239.526 914.576 224.41 711.662 196.446 682.295 247.347 676.42 214.036 742.998 302.235 760.599 300.239 756.761 378.565 772.323 458.883 725.378 304.17 717.568 384.478 729.221 462.863 0 0 692.081 167.1 727.28 163.099 701.907 167.052 699.953 472.613 707.731 476.505 735.185 474.584 743.082 462.845 746.901 458.924 776.273 464.839 

-1
680.381 167.1 727.275 194.457 746.976 192.425 768.496 237.553 888.267 226.927 698.016 196.498 682.29 251.228 666.714 223.804 739.052 300.244 758.667 294.361 752.829 372.714 768.481 451.136 715.582 304.118 715.556 384.435 727.415 460.862 0 0 682.246 165.027 727.239 155.234 695.979 165.043 699.92 468.71 707.712 472.674 735.183 466.757 744.944 460.949 748.904 458.92 774.381 462.795 

-1
680.342 167.043 725.412 194.394 745.015 190.556 760.726 239.482 861.957 229.445 699.888 196.375 680.371 245.414 666.598 212.078 731.234 294.389 754.742 290.5 746.926 370.842 762.603 456.934 711.714 300.229 713.554 384.455 725.4 462.831 0 0 682.285 165.023 727.239 155.309 696.051 165.03 694.054 466.767 697.957 474.564 731.237 474.593 743.07 460.924 748.892 458.928 772.371 462.916 

-1
680.244 167.021 713.681 194.421 742.947 188.605 764.541 239.524 835.648 231.963 684.243 196.455 672.494 251.276 661.699 219.894 727.291 298.279 744.998 294.349 744.916 376.655 758.765 460.796 705.809 302.158 709.726 384.552 723.396 464.872 0 0 682.223 164.994 719.487 161.085 694.011 165.009 694.038 476.497 696.018 476.635 729.274 476.585 741.048 464.835 744.985 460.895 762.675 464.889 

-1
676.42 174.835 713.653 198.396 741.085 196.463 760.67 245.39 809.339 234.48 684.254 202.304 670.547 253.238 656.8 227.71 727.233 304.16 743.088 302.23 742.968 382.596 758.677 462.817 705.758 306.077 709.634 390.398 717.589 474.559 0 0 680.319 166.989 713.688 163.107 695.917 166.989 690.116 478.488 695.959 480.526 727.366 480.504 739.079 470.655 742.994 462.869 762.616 474.544 

-1
680.318 176.859 715.586 198.387 742.957 196.416 760.626 249.283 783.029 236.998 686.231 204.237 668.566 255.154 656.799 223.862 727.27 306.113 744.915 304.187 742.956 384.512 758.678 462.894 707.719 306.193 709.688 396.179 723.374 476.49 0 0 682.322 169.005 715.55 163.135 695.92 167.013 692.073 478.456 695.95 480.492 729.252 482.449 740.977 472.651 743.032 464.825 762.587 474.619 

-1
682.3 174.818 717.555 198.371 745.006 196.429 766.504 247.329 756.72 239.515 690.101 200.379 672.466 253.214 662.702 221.893 729.253 304.15 746.916 302.213 744.916 382.599 760.648 460.954 711.612 304.224 711.724 388.4 727.222 470.716 0 0 688.14 165.187 727.326 163.065 696.034 167 695.998 476.485 697.939 478.463 729.37 478.606 743.033 462.904 748.889 460.919 768.444 468.769 

-1
684.3 165.103 723.448 194.451 748.866 192.48 772.381 243.398 760.669 237.57 694.064 196.439 678.297 243.513 664.715 212.138 731.236 298.305 752.827 294.386 746.906 382.442 766.545 460.815 713.552 302.186 715.552 384.491 729.306 464.796 0 0 688.145 163.181 729.248 155.309 699.918 163.11 705.76 472.677 709.687 476.517 737.14 476.516 744.978 464.817 748.927 460.941 774.352 466.773 

-1
694.034 163.198 729.29 192.426 758.625 186.633 774.38 241.483 760.674 240.598 697.986 194.459 680.218 241.49 668.554 210.109 739.096 292.431 758.672 290.481 746.911 378.621 770.411 456.977 717.524 294.382 715.641 382.523 729.29 462.863 0 0 695.954 161.142 729.4 149.511 707.772 161.114 701.874 466.748 707.724 472.651 739.048 474.611 746.969 460.946 756.68 460.813 774.409 462.933 

-1
688.171 163.008 727.294 190.516 750.869 186.62 768.458 239.461 760.678 243.626 696.039 192.529 678.337 239.553 666.579 210.123 731.297 292.422 752.83 290.438 744.96 374.708 760.749 454.989 713.681 296.341 713.719 382.486 727.354 460.893 0 0 692.099 155.318 729.399 149.389 705.799 153.315 695.938 462.881 699.898 468.706 733.226 470.692 744.952 460.931 752.812 460.812 770.449 462.849 

-1
688.15 157.253 723.441 182.717 752.791 180.718 770.417 239.457 760.682 246.653 693.988 186.619 670.512 239.497 662.701 206.181 729.244 290.421 746.953 288.508 742.911 370.834 758.622 451.142 711.564 290.503 713.591 382.454 727.228 460.845 0 0 692.075 151.326 729.269 147.459 701.858 149.458 692.061 460.892 695.977 462.93 729.386 468.766 743 462.808 752.797 460.859 760.732 462.796 

-1
686.164 157.222 719.501 180.815 748.873 178.839 762.573 239.459 760.687 249.681 686.207 184.703 664.694 235.62 660.703 204.228 727.273 290.406 744.961 288.515 731.236 372.764 750.841 455.042 705.812 290.461 709.728 382.487 717.571 460.912 0 0 690.087 149.467 727.339 147.406 698.012 149.418 684.284 462.879 695.939 470.691 727.372 470.717 741.031 462.83 745.043 460.833 758.619 462.893 

-1
682.377 163.063 715.615 188.55 745.039 182.73 758.732 241.453 760.691 252.708 684.231 192.482 664.551 241.435 652.922 212.054 727.237 292.433 744.937 290.51 729.36 382.432 744.946 460.948 703.864 294.375 709.724 384.505 715.645 466.746 0 0 686.234 155.288 727.242 149.392 697.974 155.24 692.073 476.502 697.91 478.512 727.313 476.639 739.097 472.645 745.021 466.786 748.906 470.705 

-1
686.19 165.108 725.323 190.526 748.876 184.653 758.763 241.472 760.695 255.736 695.917 194.385 664.704 241.538 654.864 212.051 727.37 298.266 745.009 294.389 729.406 382.596 743.06 464.789 709.717 300.216 711.555 386.414 717.557 466.808 0 0 690.091 163.075 727.313 151.372 699.971 161.142 693.988 476.619 697.905 478.598 727.356 478.538 740.548 473.135 745.018 467.757 746.912 476.533 

-1
692.089 167.011 725.331 192.519 748.9 188.597 760.601 241.52 760.7 258.763 693.998 196.341 666.544 241.458 661.727 203.724 727.419 296.331 745.05 294.363 731.219 384.418 743.057 464.87 711.571 298.284 711.559 384.578 721.471 470.697 0 0 694.052 163.191 727.384 153.352 699.975 163.174 694.032 478.523 697.98 480.527 729.249 478.61 741.999 473.624 745.014 468.727 746.96 476.609 

-1
692.043 165.193 727.277 192.443 752.832 188.543 760.662 243.381 760.704 261.791 696.032 194.403 666.628 237.501 668.59 195.396 729.227 294.404 746.904 294.353 731.254 382.597 744.895 462.923 711.591 296.322 711.572 384.516 723.373 468.743 0 0 694.034 163.132 729.214 151.405 701.896 163.051 694.031 478.463 697.982 480.472 729.285 478.545 743.449 474.114 745.011 469.697 748.858 476.479 

-1
694.06 163.105 725.392 186.604 754.717 184.643 760.729 239.461 760.708 264.818 694.044 188.611 666.569 235.557 675.454 187.069 729.219 290.457 746.918 290.436 731.275 380.56 744.915 460.947 709.733 290.492 711.591 382.57 723.43 462.907 0 0 695.978 155.294 727.414 149.365 701.866 155.301 693.978 474.607 697.972 476.621 729.343 476.494 744.9 474.603 745.008 470.668 748.931 472.604 

-1
686.243 161.066 727.323 180.831 756.687 180.729 762.59 237.55 760.712 267.846 697.92 182.769 670.546 196.417 682.317 178.741 729.289 290.407 746.967 288.517 739.062 372.721 744.986 458.967 711.654 290.462 711.698 380.579 725.302 460.914 0 0 693.977 149.501 727.413 147.444 701.861 149.455 688.183 462.92 696.034 470.699 729.342 470.719 730.277 467.728 748.917 468.72 750.816 466.767 

-1
693.965 157.248 727.328 182.679 756.736 180.736 764.609 235.612 760.717 270.873 695.998 184.639 666.643 237.565 682.238 182.682 731.22 288.507 752.839 288.447 742.984 370.779 746.931 456.97 713.545 290.408 713.695 378.571 727.257 460.854 0 0 695.986 149.472 729.292 147.449 707.706 149.432 693.983 462.931 697.957 468.739 731.246 468.731 715.654 460.853 752.827 466.772 754.74 464.793 

-1
694.068 159.143 729.228 180.795 758.653 178.829 768.481 231.691 764.558 266.933 696.047 184.66 670.532 231.675 684.216 182.721 733.239 288.458 756.761 286.513 744.899 370.755 752.801 456.987 713.657 288.529 715.609 376.653 727.407 460.838 0 0 696.062 149.472 729.33 147.415 709.657 149.406 696.009 462.874 699.948 466.784 733.253 468.735 746.92 470.661 756.736 464.824 758.635 464.833 

-1
696.01 155.281 729.254 182.678 758.652 180.732 772.323 233.666 764.244 267.247 697.893 186.591 672.517 235.601 682.348 186.632 737.092 288.54 758.62 288.46 744.999 372.715 754.794 458.884 715.547 290.461 717.586 378.615 729.254 460.811 0 0 698.004 149.425 731.27 145.43 707.744 149.434 697.93 462.888 703.815 466.807 735.196 466.815 746.92 470.659 758.672 466.739 758.705 464.853 

-1
697.903 153.328 729.264 180.679 758.642 178.698 772.419 227.754 763.93 267.561 697.93 182.742 680.389 198.383 684.304 185.236 740.978 286.516 758.731 284.545 745.004 368.821 756.727 453.081 717.525 288.436 719.525 372.719 729.346 458.904 0 0 699.91 149.379 731.261 143.535 707.772 149.398 697.959 462.881 705.794 466.815 739.12 464.867 756.707 462.918 762.581 462.869 760.593 462.87 

-1
695.99 151.434 727.343 180.674 756.712 178.716 772.42 225.867 763.616 267.875 695.975 182.726 678.343 229.692 686.259 183.839 739.079 288.422 758.702 284.575 745.057 368.75 756.74 451.092 715.614 288.51 723.383 370.771 729.302 453.056 0 0 697.883 149.363 731.246 139.637 707.762 147.529 698.018 460.882 705.81 462.917 737.161 462.869 746.934 462.857 760.616 460.912 760.59 460.975 

-1
697.93 149.509 731.314 178.728 758.739 178.73 774.325 229.717 763.302 268.188 703.842 178.84 678.388 225.856 688.215 182.442 741.024 288.42 760.573 286.495 746.935 366.907 756.751 447.237 717.544 288.475 723.433 368.863 729.392 449.186 0 0 698.002 147.491 733.227 137.663 711.647 147.328 701.897 460.811 709.721 462.833 741.015 460.943 754.735 460.842 760.638 458.95 760.581 460.818 

-1
698.022 149.469 737.11 174.892 760.702 172.93 774.441 223.824 762.988 268.502 707.739 178.73 678.352 225.794 690.171 181.046 742.925 284.544 760.687 280.674 746.976 364.925 758.638 447.267 719.508 286.499 725.298 368.782 731.306 449.158 0 0 699.904 147.417 735.169 135.687 711.71 145.428 703.812 460.895 711.625 462.909 742.959 460.909 755.722 461.838 761.613 459.922 760.653 460.827 

-1
697.99 149.511 737.132 176.824 760.713 174.85 774.385 225.799 762.674 268.816 707.751 178.826 680.255 225.846 692.127 179.649 742.936 286.52 760.682 284.578 750.825 366.902 758.665 451.136 719.516 288.427 725.353 368.849 731.266 453.062 0 0 698.061 147.479 736.151 137.644 711.726 145.499 701.889 460.914 711.597 464.807 742.933 462.887 756.709 462.833 762.589 460.894 760.691 462.794 

-1
705.771 149.512 731.327 178.778 760.654 174.87 774.384 225.744 762.36 269.129 699.934 182.678 680.287 229.769 694.083 178.252 743.019 288.464 760.729 286.531 754.746 368.78 758.75 455.046 723.396 288.539 725.382 370.778 735.147 456.963 711.602 147.434 709.662 147.467 737.133 139.601 709.722 147.503 707.748 462.874 713.567 466.792 743.058 464.789 757.697 463.829 763.564 461.867 762.606 462.908 

-1
698.053 161.136 739.044 180.678 762.589 178.724 776.333 229.724 762.046 269.443 707.749 182.672 682.326 196.375 696.039 176.856 744.935 290.423 762.635 288.516 758.569 368.829 760.557 458.914 727.263 290.497 725.392 370.849 737.098 458.924 710.038 148.218 701.847 151.364 737.131 147.32 711.702 149.467 705.811 462.926 711.673 468.735 744.898 464.857 758.684 464.824 764.539 462.839 762.608 464.875 

-1
699.887 162.998 739.119 180.71 762.64 178.772 776.405 231.672 761.732 269.757 709.715 182.678 684.275 196.334 697.987 174.838 744.929 290.422 762.632 288.531 758.601 368.885 760.564 458.946 727.248 290.488 725.375 372.723 735.194 458.911 708.474 149.001 701.871 151.424 737.098 147.319 711.743 149.497 705.78 464.776 711.633 468.743 743.07 464.825 758.613 466.757 762.649 462.868 762.602 466.742 

-1
697.922 161.075 733.206 178.832 760.707 176.779 776.359 227.763 761.418 270.071 701.839 182.712 680.299 229.728 697.98 176.964 743.068 288.531 762.571 288.46 756.727 368.834 758.761 456.942 725.307 290.444 725.338 370.85 733.21 455.05 706.911 149.784 699.933 151.32 735.197 143.524 709.655 149.472 701.901 462.905 711.621 466.798 743.015 462.901 758.61 462.864 762.572 460.931 762.602 462.908 

-1
697.966 161.132 731.322 178.829 760.662 176.767 776.337 227.793 761.104 270.384 701.868 182.716 680.267 227.81 697.973 179.089 743.063 288.521 760.744 288.463 756.712 368.82 758.768 456.958 725.312 290.424 723.448 370.837 731.314 455.006 705.348 150.567 699.921 151.384 735.153 143.522 709.707 149.454 701.901 462.945 711.608 466.816 742.948 462.878 758.611 462.866 762.635 460.951 762.572 462.922 

-1
698.031 161.125 733.238 180.752 760.706 178.772 776.358 233.614 760.791 270.698 701.891 184.646 680.327 225.766 697.967 181.215 743.068 290.438 760.733 290.393 758.613 368.901 758.756 458.912 725.344 290.499 723.436 372.763 733.235 457 703.784 151.351 699.941 151.359 733.241 145.441 711.589 149.47 703.83 462.885 711.611 466.78 743.013 464.798 758.596 464.811 760.721 462.846 762.579 464.846 

-1
698.037 163.003 731.328 180.842 760.702 180.685 778.26 237.507 760.477 271.012 699.953 186.622 680.279 229.713 697.96 183.34 743.086 290.436 762.598 288.541 758.655 368.9 760.579 460.82 725.332 290.493 725.318 374.728 733.233 458.929 702.221 152.134 701.848 151.372 737.135 145.494 709.676 151.33 701.893 462.895 709.7 466.815 743.022 466.752 758.637 464.812 762.658 462.868 762.62 466.804 

-1
697.904 163.056 731.326 182.729 762.566 180.742 778.253 237.548 760.163 271.326 699.912 190.494 680.292 239.45 697.953 185.466 743.016 290.452 760.733 290.41 758.619 372.704 760.559 460.904 723.369 290.508 721.481 378.607 731.335 460.917 700.657 152.917 697.972 153.356 733.203 147.364 709.647 151.353 701.847 464.843 709.691 472.638 742.98 470.722 758.666 470.694 762.635 465.793 762.599 470.674 

-1
696.075 164.989 731.266 184.683 760.688 180.756 776.395 235.6 759.849 271.639 698.019 192.524 680.217 241.546 697.946 187.591 741.045 290.486 760.603 290.452 756.642 374.669 758.741 460.934 717.518 292.413 715.64 382.428 729.366 462.834 699.094 153.7 697.911 161.085 731.266 147.482 707.744 155.292 701.905 470.673 709.719 476.461 739.112 474.556 756.693 470.708 762.611 468.718 760.716 470.707 

-1
696.033 165.086 731.294 182.776 758.727 180.807 776.328 239.472 759.535 271.953 703.862 192.444 676.432 239.455 697.939 189.717 742.902 290.485 760.569 290.449 752.775 372.772 758.644 460.873 721.478 290.526 713.723 382.433 729.275 462.854 697.53 154.483 697.881 163.036 729.294 149.475 711.573 159.151 699.935 468.739 707.741 474.633 737.161 474.61 748.88 472.625 760.643 468.732 760.677 470.693 

-1
696.016 165.126 729.378 192.43 758.729 188.539 776.289 241.46 759.221 272.267 701.849 194.454 680.229 243.459 697.932 191.842 741.034 292.384 758.744 290.51 752.827 378.566 758.66 460.939 719.491 292.427 713.726 382.522 729.227 464.801 695.967 155.267 697.878 163.117 729.331 151.377 709.671 161.173 701.864 472.68 705.795 476.541 735.18 476.565 745.005 470.702 760.609 466.796 760.684 472.622 

-1
696.018 167.071 731.239 194.462 760.619 192.483 776.278 245.382 758.907 272.58 699.969 196.475 680.263 253.233 697.925 193.968 741.07 302.151 760.603 298.305 756.702 380.606 760.576 464.844 719.488 302.235 717.569 384.54 727.414 474.595 694.403 156.05 697.905 164.998 731.257 153.362 709.672 163.138 705.771 476.645 707.731 478.609 733.247 482.419 746.948 472.639 760.696 470.689 760.729 476.583 

-1
696.067 178.677 731.27 196.497 760.662 194.508 776.41 249.296 758.593 272.894 699.935 202.282 680.255 257.115 697.918 196.094 742.964 304.136 760.665 304.089 758.639 384.489 760.725 474.587 721.471 304.192 723.39 394.312 729.254 478.564 692.84 156.833 697.911 168.95 735.167 163.018 707.747 165.187 711.659 482.44 711.603 488.312 735.198 490.312 750.871 476.579 762.589 476.545 764.533 480.505 

-1
697.948 180.776 735.155 208.162 762.625 206.167 778.307 257.059 758.279 273.208 705.772 210.169 680.29 263.02 697.911 198.219 742.982 311.996 760.683 308.128 758.691 392.321 762.61 476.635 721.489 313.985 723.415 400.153 729.218 486.345 691.276 157.616 697.964 178.709 731.308 165.162 709.701 176.798 709.695 490.261 709.664 492.231 733.259 494.247 748.921 476.61 760.62 476.58 766.512 486.364 

-1
695.942 190.569 731.236 210.161 758.609 208.161 774.43 259.189 757.965 273.522 705.791 212.16 682.281 225.731 697.904 200.345 742.934 319.793 760.575 317.866 756.756 398.249 760.715 484.404 723.386 319.863 723.366 409.948 729.223 492.278 689.713 158.4 697.9 182.673 729.352 176.799 707.767 180.765 709.674 494.159 709.654 496.174 733.261 503.987 752.782 492.207 762.612 490.309 764.545 494.196 

-1
695.992 194.549 729.279 214.06 758.672 212.042 776.336 266.924 757.651 273.835 697.949 221.902 680.222 272.875 686.176 231.202 740.991 321.81 758.741 321.751 754.762 402.187 760.582 492.171 715.653 321.868 715.652 413.837 727.375 498.123 688.149 159.183 695.978 188.597 729.321 178.77 705.771 186.584 711.588 507.841 709.707 507.927 731.316 507.982 746.978 494.203 762.579 494.173 760.737 498.139 

-1
693.995 198.399 727.414 221.909 756.729 217.988 776.248 272.859 757.337 274.149 697.974 225.824 678.368 278.721 674.448 262.058 739.11 325.749 758.702 323.76 748.916 411.857 758.683 492.315 715.652 329.615 715.548 415.788 727.303 505.973 686.586 159.966 695.89 194.539 729.237 182.748 703.805 194.423 703.815 507.825 703.819 509.82 731.29 513.789 743.064 496.194 754.766 494.273 760.656 504.009 

-1
695.88 198.346 727.244 225.703 750.846 219.91 772.425 272.846 757.023 274.463 696.032 227.75 674.404 286.546 662.719 292.915 735.161 333.561 756.697 331.556 745.064 413.907 758.598 496.123 715.55 335.494 713.665 419.724 725.307 507.884 685.022 160.749 696.044 194.541 727.387 182.753 698.014 196.366 697.99 507.917 699.891 509.933 729.296 517.683 743.068 503.975 758.663 503.959 760.593 507.903 

-1
682.374 210.028 721.472 229.683 746.9 225.871 762.668 278.693 756.709 274.777 692.094 233.657 666.679 288.48 650.991 323.772 729.314 337.491 748.871 335.565 744.928 415.894 750.819 504.001 711.664 339.429 711.662 429.446 715.661 509.961 683.459 161.532 684.266 198.407 725.328 192.509 697.932 196.475 694.056 509.825 695.944 513.826 727.271 523.584 733.255 503.985 744.929 505.908 756.688 511.837 

-1
682.264 210.201 717.522 229.763 746.915 227.76 772.38 284.576 754.746 278.697 684.289 237.525 664.562 290.484 645.097 323.091 727.293 339.461 745.012 339.406 741.05 419.8 746.895 507.858 705.747 341.362 707.747 431.5 713.58 513.795 681.895 162.316 684.231 204.223 717.556 196.332 695.952 202.314 694.013 519.632 695.931 523.514 721.421 525.468 733.25 509.853 744.979 507.965 748.937 513.82 

-1
674.474 209.198 711.567 237.509 740.978 229.776 752.811 286.556 752.782 282.618 678.381 241.418 656.804 292.379 639.202 322.41 717.565 341.407 741.05 339.399 729.403 423.642 742.946 505.97 698.004 345.304 697.979 431.432 709.683 513.833 680.332 163.099 676.424 208.176 713.595 196.351 682.358 208.127 686.204 519.624 686.224 523.501 713.669 525.524 725.406 507.952 735.169 507.882 744.927 513.785 

-1
666.684 208.196 703.817 227.865 735.189 225.806 758.701 278.72 750.818 286.538 668.602 235.593 648.903 288.502 633.308 321.729 713.598 337.5 733.234 335.55 729.219 417.809 735.185 505.892 694.068 339.435 695.945 429.499 699.922 509.869 678.768 163.882 668.628 198.369 709.653 194.321 680.345 196.512 684.227 509.955 682.28 515.74 709.658 521.613 721.469 507.922 729.327 507.899 739.11 511.847 

-1
665.711 202.297 699.887 225.768 731.27 221.871 748.871 272.826 748.855 290.459 666.61 227.782 646.984 286.497 631.372 308.143 711.613 337.418 729.317 335.475 727.228 415.89 729.404 494.218 690.079 337.501 693.971 423.645 697.88 505.99 677.205 164.665 667.635 196.359 707.717 184.684 672.505 196.385 680.271 507.859 678.385 509.834 703.813 513.799 719.468 496.153 729.323 496.138 733.244 505.897 

-1
664.739 196.398 697.951 223.819 727.293 219.937 741.043 272.838 746.891 294.38 668.53 225.773 646.962 272.871 621.539 306.084 709.681 333.495 727.383 327.693 719.479 411.943 729.253 492.3 688.164 335.442 688.135 415.896 696.066 503.998 675.641 165.449 666.641 194.348 699.875 180.848 676.432 192.515 680.348 507.87 680.281 509.803 701.86 511.806 715.62 494.261 729.285 494.267 731.242 503.947 

-1
666.584 194.541 698.008 221.872 729.237 215.981 743.001 268.915 744.927 298.3 666.668 225.73 641.119 274.778 621.513 308.081 709.694 333.529 727.413 329.646 721.478 413.82 729.34 492.286 688.124 335.467 692.057 415.913 697.931 503.958 674.078 166.232 668.547 190.497 699.88 180.812 678.339 190.5 680.351 507.828 680.344 507.989 705.766 509.949 715.54 494.233 725.38 494.172 733.227 502.029 

-1
670.557 196.373 698.037 223.83 729.311 217.948 743.08 268.883 742.964 302.221 666.607 225.818 648.889 276.753 633.236 308.063 711.634 333.507 729.321 327.702 727.277 413.865 733.186 494.193 692.047 335.454 694.065 417.826 697.995 505.926 672.514 167.015 674.447 192.417 699.975 180.799 678.383 192.534 680.311 505.976 680.312 509.798 707.747 511.851 715.636 496.15 727.358 494.269 739.05 505.921 

-1
668.543 196.512 699.92 223.87 729.305 215.998 745.014 268.886 742.964 303.211 668.569 227.744 645.085 284.579 633.274 319.895 713.542 333.582 731.27 329.655 727.394 415.814 737.129 498.09 694.035 335.53 696.012 423.651 701.88 507.913 670.951 167.798 668.641 194.443 701.87 182.677 680.312 194.403 680.289 507.912 680.343 509.938 711.615 517.721 719.492 500.07 727.343 500.049 742.94 509.791 

-1
666.718 196.418 697.984 223.853 727.404 217.95 745.065 270.815 742.965 304.201 666.602 227.688 643.104 284.562 633.266 321.742 713.535 329.63 731.304 323.809 727.365 413.868 737.139 494.245 694.016 333.506 696.012 417.796 699.973 507.813 669.387 168.581 668.622 194.424 703.812 182.696 678.342 194.449 682.239 505.977 682.244 509.815 711.572 513.785 721.449 496.183 729.328 496.17 741.073 507.819 

-1
666.632 188.583 697.976 214.052 725.387 212.067 742.945 259.083 739.101 294.391 670.518 219.891 641.152 270.863 631.33 317.84 711.61 323.736 729.245 321.768 725.404 409.922 733.183 492.197 692.061 325.699 695.89 415.824 697.929 498.135 667.824 169.365 668.602 180.742 699.898 178.723 680.336 180.836 678.357 503.979 680.295 507.883 707.71 507.99 717.534 494.157 729.252 492.253 737.166 500.045 

-1
664.647 180.875 695.892 212.054 723.404 210.036 741.043 257.096 731.314 288.516 664.557 214.11 635.283 274.739 625.449 315.918 707.705 319.831 727.315 317.831 717.514 400.173 729.326 482.425 684.245 321.777 692.076 409.984 697.872 492.28 666.26 170.148 666.559 178.823 697.964 169.021 672.475 178.864 674.428 494.17 678.307 498.098 703.813 503.949 717.514 486.363 729.311 484.428 733.21 492.316 

-1
664.737 178.797 695.907 208.105 717.58 202.321 737.101 253.242 731.233 278.686 664.66 210.1 635.25 266.935 629.399 310.03 703.838 313.973 727.245 310.028 717.565 398.244 729.382 478.61 682.375 317.848 692.086 404.114 697.88 492.149 664.697 170.931 666.71 172.873 697.879 165.054 680.333 170.94 676.405 492.309 678.371 496.121 703.848 498.108 717.546 482.442 729.268 480.538 735.138 492.149 

-1
668.553 178.826 698.03 206.234 727.323 206.179 742.956 255.184 737.106 267.938 674.406 208.197 641.119 225.759 621.522 219.935 711.555 310.031 727.415 306.185 727.236 400.106 739.084 484.398 690.122 311.987 696.059 406.032 701.849 492.23 666.697 169.048 674.446 170.982 702.819 167.027 684.259 168.99 678.375 494.192 680.291 496.217 711.63 502.024 725.356 490.276 735.182 490.242 742.971 494.23 

-1
668.602 182.752 703.836 212.092 735.196 210.137 754.794 261.105 742.979 257.19 668.607 216.032 647.025 274.804 637.281 319.812 715.552 319.826 739.06 317.862 729.314 402.174 743.097 490.241 696.059 321.761 701.856 411.906 711.591 494.283 672.535 173.886 674.414 178.769 707.76 169 682.264 178.81 684.235 494.185 684.255 498.13 715.588 507.909 731.272 492.246 745.03 492.285 745.043 498.12 

-1
680.257 182.772 715.566 210.209 737.106 212.028 758.679 259.084 743.952 259.133 697.947 212.001 652.907 229.704 637.193 214.039 723.417 319.855 741.082 317.888 735.152 408.024 748.927 492.21 703.814 321.786 709.741 415.764 713.687 498.146 678.372 178.724 682.253 178.749 708.707 167.041 698.02 176.764 695.912 503.999 696.04 507.9 725.335 509.815 739.108 496.183 748.873 496.124 754.783 500.097 

-1
680.357 180.858 713.707 210.192 739.038 210.177 758.639 259.112 744.926 261.075 696.008 212.048 652.924 229.738 637.242 214.052 721.482 319.774 741.068 315.931 735.202 406.079 750.857 490.294 701.844 319.856 711.578 413.826 713.715 496.217 680.246 178.713 682.327 178.689 709.653 165.082 699.926 172.932 695.983 500.048 697.896 505.972 725.343 507.968 741.033 496.177 748.898 494.256 756.697 498.096 

-1
680.216 178.775 711.636 204.267 735.163 198.368 758.658 255.186 741.062 255.174 684.207 210.074 650.895 227.693 633.327 225.743 715.553 312.015 737.144 308.139 731.29 400.124 746.91 480.54 697.886 315.905 709.63 404.077 713.648 492.211 678.317 169.04 682.297 168.955 710.6 163.123 698.043 165.134 693.984 494.157 694.063 496.183 723.404 500.103 740.997 490.298 748.879 490.209 750.853 492.285 

-1
676.364 170.936 711.611 200.344 735.206 198.358 758.626 247.325 743.073 245.413 682.27 206.169 648.956 219.962 607.885 216.051 713.689 308.084 733.244 306.138 731.216 398.096 745.027 478.52 697.876 310.059 707.746 400.162 713.586 488.275 674.412 165.001 680.26 164.98 711.547 161.164 694.023 163.116 694.013 492.247 695.966 494.211 721.423 494.267 737.13 490.222 746.931 486.359 748.89 490.261 

-1
680.328 165.136 711.587 196.502 733.19 196.384 758.631 243.478 743.049 245.394 682.322 202.287 648.898 219.959 633.271 208.193 715.589 306.17 737.153 306.069 731.306 396.21 746.932 478.477 697.943 308.124 709.686 398.275 713.72 484.441 676.415 163.091 682.352 161.111 711.622 160.192 699.952 153.355 695.984 492.15 697.898 494.133 725.356 494.211 741.058 488.332 750.873 484.423 750.869 490.22 

-1
680.275 170.986 713.641 206.197 742.993 200.351 762.635 245.453 744.961 251.253 684.255 210.059 649.026 225.862 682.364 196.396 719.505 313.979 742.955 310.039 739.113 398.258 750.815 482.463 698.012 317.86 711.627 402.122 717.534 490.304 680.253 163.171 682.245 163.163 711.698 159.22 694.016 163.146 696.023 494.13 697.935 496.149 727.306 498.097 741.05 490.272 752.795 488.316 756.671 494.166 

-1
682.299 180.663 717.534 212.142 744.965 210.101 774.255 249.329 756.686 257.144 694.006 219.921 672.496 268.911 651.001 321.722 727.24 319.803 744.952 317.822 743.004 400.236 754.737 490.292 703.837 321.747 713.62 406.062 719.522 494.129 682.248 168.965 688.179 168.972 717.555 165.161 696.026 174.896 696.03 494.167 697.912 498.098 727.362 505.899 743.041 494.25 756.748 494.212 758.601 498.148 

-1
680.387 190.52 721.49 217.934 745.063 212.047 774.361 255.128 758.671 259.105 696.017 225.724 678.325 270.799 655.555 322.416 727.348 319.86 745.017 317.888 742.981 402.175 752.792 492.257 707.763 321.797 713.609 411.878 717.56 494.218 685.259 169.942 682.334 180.672 713.647 167.016 694.017 180.687 696.011 496.203 697.926 503.972 727.309 507.819 743.057 500.051 756.755 496.181 756.713 503.996 

-1
680.286 184.62 717.577 215.996 745.011 212.029 772.433 257.064 748.918 257.167 694.027 223.861 682.245 270.832 660.11 323.111 725.366 321.759 744.908 319.826 740.985 404.089 746.977 492.3 701.863 321.852 711.585 411.906 715.55 494.192 688.269 170.919 682.235 178.773 713.635 166.994 686.167 180.812 695.969 496.199 696.036 503.952 725.341 505.942 741.075 496.166 752.778 494.284 752.779 504.006 

-1
680.446 183.866 713.629 214.094 743.071 210.174 772.399 257.062 745.009 259.153 682.365 223.859 666.603 270.853 664.664 323.805 719.512 319.859 742.976 317.884 733.213 402.132 744.934 492.302 697.991 321.819 707.738 407.984 713.562 494.142 691.279 171.897 682.537 177.721 711.678 165.141 682.234 180.675 692.074 494.193 693.98 498.124 717.571 505.932 739.097 500.064 748.909 498.153 745.056 504.004 

-1
680.607 183.112 711.664 214.042 742.945 210.16 768.505 257.07 745.029 257.214 680.323 223.827 668.629 276.724 666.551 327.669 715.544 319.897 739.124 317.906 729.398 402.096 742.983 492.221 696.032 321.865 699.92 406.074 711.572 492.311 694.29 172.874 682.839 176.668 711.665 165.161 680.25 178.813 684.241 494.175 682.323 496.167 713.693 505.905 729.311 500.033 744.968 496.219 744.934 503.98 

-1
680.767 182.357 709.693 212.106 739.097 210.032 762.677 253.192 743.055 257.097 678.348 218.002 666.691 272.835 664.634 319.873 713.623 319.801 733.262 317.818 729.338 400.178 741.081 492.151 695.942 321.743 698.01 402.187 709.641 492.212 697.3 173.851 683.142 175.615 711.611 165.03 674.466 172.933 682.327 494.188 682.302 496.158 713.569 502.03 727.339 496.154 742.984 494.264 743.04 500.118 

-1
680.928 181.603 709.686 210.204 740.988 208.149 762.675 253.186 742.991 257.061 678.32 214.048 666.702 272.722 664.686 319.863 713.585 319.799 733.218 317.829 729.365 400.182 741.073 490.312 695.897 319.9 697.982 402.179 709.67 492.17 700.311 174.828 683.444 174.562 709.652 165.101 678.377 172.903 684.224 494.199 684.218 496.167 713.598 500.085 727.357 496.176 743.003 494.277 743.035 500.061 

-1
681.088 180.849 711.73 210.186 742.981 208.199 768.456 251.296 745.057 257.146 682.198 212.146 668.546 266.925 668.568 319.796 713.702 319.793 739.07 315.941 733.182 400.18 743.015 492.187 695.989 321.746 698.013 404.094 711.585 492.194 703.321 175.805 683.746 173.509 727.319 176.832 696.004 174.894 684.221 494.253 684.279 498.098 713.702 502.05 731.216 496.186 746.901 496.117 744.948 502.026 

-1
681.249 180.094 713.67 210.095 744.94 206.195 774.289 245.461 754.714 257.094 682.377 212.099 674.434 263.005 670.532 321.741 721.427 317.874 743.024 313.958 742.932 400.216 745.079 492.208 697.998 319.846 707.725 406.06 715.565 492.232 706.331 176.782 684.049 172.456 727.258 178.693 695.959 176.843 695.958 494.271 696.015 500.037 725.34 502.031 741.071 494.223 752.777 494.207 748.866 500.084 

-1
681.409 179.34 715.652 206.2 746.938 198.366 776.252 243.448 758.599 253.244 688.135 210.107 668.58 257.166 658.749 288.477 727.317 311.995 745.049 308.085 744.918 398.216 750.852 490.228 705.812 315.898 709.691 400.204 717.583 490.267 709.342 177.76 684.351 171.403 719.488 163.172 692.065 167.102 697.904 494.224 697.914 496.199 727.314 498.137 741.052 492.274 756.667 492.272 756.678 498.105 

-1
681.57 178.586 723.38 200.373 748.937 196.468 776.258 241.462 758.672 247.348 693.962 208.156 666.681 259.094 646.966 255.212 727.341 308.067 746.895 306.113 744.955 398.167 754.77 484.386 707.711 310.03 709.671 400.152 719.491 486.344 712.352 178.737 684.653 170.351 717.559 163.082 692.029 167.034 697.943 492.223 697.971 494.168 727.329 494.291 742.924 492.267 752.819 492.201 758.643 494.253 

-1
681.73 177.831 723.414 200.339 752.82 196.413 776.26 241.4 758.713 245.434 692.102 208.198 664.712 261.047 641.14 251.254 727.395 308.137 746.946 306.151 744.962 398.169 754.754 486.337 709.649 312.018 709.655 400.153 717.573 486.384 715.363 179.714 684.956 169.298 719.518 163.028 695.961 165.143 697.96 492.238 697.968 494.181 727.304 496.134 742.958 492.259 756.73 492.224 758.606 494.315 

-1
681.891 177.077 723.377 206.198 752.78 198.344 776.237 241.505 758.668 249.281 693.978 210.117 664.658 261.04 639.189 251.278 727.381 312.009 746.922 308.092 744.965 400.116 754.719 488.349 707.775 315.902 709.672 402.107 717.582 490.293 718.373 180.691 685.258 168.245 719.525 163.101 695.935 165.162 697.898 494.201 697.958 496.186 727.302 498.157 743.07 494.188 758.694 494.137 756.741 496.233 

-1
682.051 176.323 721.434 208.143 754.715 200.327 774.424 245.359 756.747 255.158 690.123 210.176 664.582 263.053 639.148 249.309 727.387 313.932 746.946 308.124 744.941 398.266 750.864 490.319 709.624 315.936 707.744 402.097 715.638 492.201 721.383 181.668 685.56 167.192 721.463 163.059 693.989 165.141 696.011 494.227 697.922 498.111 727.242 502.027 742.942 492.293 756.73 494.142 756.671 500.1 

-1
682.211 175.568 719.5 210.042 754.721 202.253 774.429 245.41 756.665 257.092 688.15 212.037 664.618 268.855 639.164 251.278 727.378 317.872 746.964 313.972 744.961 400.236 752.765 492.19 707.733 319.815 705.76 404.092 713.661 492.173 724.394 182.646 685.863 166.139 723.4 163.117 694.048 167.046 695.934 494.221 695.969 496.219 723.395 498.167 743.003 494.242 756.714 494.252 754.768 502.016 

-1
682.372 174.814 719.525 208.132 754.757 200.313 776.373 243.501 758.631 255.175 688.135 210.122 662.712 264.991 635.229 227.807 727.335 315.925 746.937 311.982 744.983 400.173 754.775 490.26 705.795 317.905 701.905 402.113 713.702 490.279 727.404 183.623 686.165 165.086 723.377 163.062 695.941 166.999 695.951 494.216 695.959 496.196 725.302 498.103 744.982 496.147 758.684 494.281 756.71 498.104 

-1
688.799 177.059 725.303 198.443 758.609 196.442 786.116 241.391 760.744 251.303 688.183 206.229 664.718 259.121 635.257 227.762 729.302 310.06 752.782 306.178 746.909 398.172 756.763 482.464 711.571 313.968 709.639 398.26 717.556 482.484 730.415 184.6 690.634 168.143 727.283 159.185 695.94 164.985 697.997 492.294 697.989 494.187 727.273 494.183 745.015 494.153 758.706 492.304 758.705 494.19 

-1
695.226 179.304 727.261 196.376 758.712 194.431 789.957 231.656 766.533 245.42 693.961 198.382 666.654 257.064 637.208 216.004 731.306 304.12 756.725 300.231 748.914 388.456 758.724 478.532 713.542 306.1 709.671 396.188 715.608 478.604 733.425 185.577 695.103 171.199 729.237 149.466 697.864 161.076 703.828 492.161 699.88 492.192 725.312 492.197 748.861 490.268 760.668 490.227 760.594 492.153 

-1
701.653 181.549 727.331 194.543 760.622 194.379 790.046 235.566 770.414 245.382 693.998 196.487 666.617 257.04 639.184 216.003 731.324 304.195 758.572 302.22 752.833 388.432 760.549 478.521 711.737 306.171 709.721 396.186 713.619 478.6 736.435 186.554 699.572 174.255 729.39 149.416 697.963 157.207 703.856 488.286 697.988 490.221 717.532 492.218 748.911 486.336 762.581 484.424 760.615 492.136 

-1
708.08 183.794 727.239 196.377 760.568 194.473 791.934 233.618 766.532 251.255 692.024 196.515 666.533 255.21 635.288 216.003 731.285 304.164 756.719 302.179 752.784 390.346 758.734 480.513 711.717 306.149 709.663 396.261 711.568 480.484 739.446 187.531 704.042 177.311 731.224 149.481 697.953 159.156 699.933 486.348 695.943 488.32 713.569 492.317 752.785 486.376 762.616 488.285 758.728 492.311 

-1
714.507 186.039 725.381 198.432 760.567 196.467 790.101 241.428 772.358 257.153 688.154 204.259 662.708 259.041 633.259 216.028 729.36 308.092 754.795 306.139 750.877 398.113 758.725 488.352 711.57 310.056 707.748 400.079 703.832 486.368 742.456 188.509 708.511 180.368 731.231 155.288 697.872 163.073 697.933 484.407 690.129 488.286 709.663 498.106 750.85 490.244 762.582 490.282 758.749 496.206 

-1
720.934 188.284 725.385 210.014 758.732 206.158 792.017 243.495 774.369 259.191 688.164 210.136 660.743 263.008 631.304 214.018 729.391 317.86 756.709 313.976 754.776 400.205 760.62 492.296 711.577 319.8 709.685 406.054 703.792 492.192 745.467 189.486 712.98 183.424 735.183 163.185 697.989 165.12 705.773 492.248 695.953 492.273 703.854 505.916 756.663 494.167 764.561 494.217 760.63 504.012 

-1
727.361 190.529 727.37 211.996 760.739 210.119 799.856 255.118 776.313 272.738 692.034 212.114 664.589 270.845 633.337 225.774 733.209 321.777 758.684 319.849 758.725 411.877 764.61 496.226 711.683 323.759 711.574 413.875 701.897 494.178 748.477 190.463 717.449 186.48 741.043 165.138 705.754 167.027 705.795 507.945 696.049 507.881 705.782 507.945 758.742 496.18 770.462 498.104 768.468 509.827 

-1
733.788 192.774 729.369 214.014 768.471 212.097 805.7 257.103 784.149 274.765 695.924 214.111 666.565 272.822 651.943 280.596 739.071 323.732 760.64 321.782 760.713 411.94 774.25 502.038 713.596 325.719 713.615 415.756 709.671 500.053 751.487 191.44 721.918 189.537 744.898 168.981 709.645 176.814 711.637 521.587 699.955 515.738 709.641 511.82 762.608 502.043 774.4 504.009 774.338 509.975 

-1
740.215 195.019 733.211 217.954 772.419 214.112 809.59 261.122 788.1 276.768 697.877 219.925 668.63 276.71 670.549 335.419 741.04 333.495 760.727 329.626 766.535 415.821 776.226 507.811 713.704 333.571 717.534 415.887 711.546 502.058 754.498 192.417 726.388 192.593 746.948 174.853 713.589 178.825 711.72 527.482 703.81 523.638 709.663 515.77 774.283 507.876 782.197 507.957 776.246 515.72 

-1
746.642 197.264 740.985 225.744 776.243 223.844 817.404 266.955 793.912 286.52 699.936 225.796 674.466 280.671 658.765 263.038 742.956 337.457 762.664 335.538 774.241 423.648 778.335 511.804 715.609 337.52 723.411 427.628 711.68 513.77 757.508 193.395 730.857 195.649 756.734 182.679 719.505 182.692 713.624 537.317 705.804 533.394 711.67 525.619 776.363 511.801 789.961 513.817 778.297 523.565 

-1
753.069 199.509 742.934 229.79 778.298 229.744 821.318 274.721 797.872 290.535 701.854 231.654 674.476 286.571 656.792 268.857 744.952 345.322 772.375 343.343 774.418 431.482 787.991 521.623 721.48 347.255 725.406 435.475 713.556 523.613 760.519 194.372 735.326 198.705 760.565 194.375 721.429 196.342 715.604 533.353 707.749 533.385 711.742 539.184 778.318 521.652 792.004 523.609 786.102 529.499 

-1
759.496 201.754 744.94 241.483 784.125 241.494 823.275 286.56 803.689 304.083 707.725 241.42 678.383 290.552 664.626 274.811 746.944 351.234 774.365 351.176 776.396 441.314 790.046 525.568 725.394 353.137 727.427 443.232 713.687 529.505 763.529 195.349 739.795 201.762 760.646 198.344 727.28 198.368 741.006 527.527 719.494 537.28 713.604 543.177 788.018 527.477 795.876 527.547 790.08 539.161 

-1
765.923 203.999 744.964 243.509 782.194 243.532 825.351 290.41 805.783 306.181 709.677 243.415 678.321 298.253 670.014 288.518 750.816 359.037 776.274 357.085 780.205 445.275 790.118 535.305 727.309 362.905 729.295 447.228 719.478 539.227 766.54 196.326 744.264 204.818 760.651 196.512 727.397 200.382 733.234 535.34 715.635 541.205 717.52 552.959 788.038 537.255 795.912 537.327 791.945 541.317 

-1
772.35 206.244 744.961 245.465 784.131 249.307 825.365 290.551 805.703 310.051 709.691 243.518 680.211 302.209 675.403 302.224 748.929 360.977 776.266 358.992 780.235 447.109 792.015 535.37 727.296 362.961 729.233 454.989 723.394 543.224 768.51 198.345 748.733 207.874 760.662 204.213 729.332 204.246 727.3 549.049 713.666 551.034 721.448 556.902 788.094 537.317 797.877 539.191 792.047 543.201 

-1
771.693 206.237 744.935 247.361 786.078 253.206 827.256 296.309 805.627 315.92 707.762 243.52 676.427 302.23 680.792 315.931 746.973 364.868 776.25 362.927 780.214 447.237 792.03 539.164 725.352 364.919 727.41 458.924 723.448 550.982 767.514 199.339 753.203 210.931 762.623 206.212 729.3 206.2 725.382 552.938 713.669 554.878 723.409 558.915 786.135 539.183 795.882 539.198 792.075 545.19 

-1
771.035 206.23 743.019 251.234 780.204 255.138 831.2 300.251 805.714 317.909 705.755 245.403 668.634 304.082 686.18 329.637 744.986 366.801 774.355 364.887 780.205 449.165 792.099 539.326 719.506 366.843 727.4 458.96 725.303 552.98 766.518 200.332 757.672 213.987 760.656 208.109 729.285 206.225 729.283 551.011 715.594 554.903 723.412 564.728 788.021 539.292 795.928 539.309 793.968 551.047 

-1
770.378 206.223 742.959 253.242 778.263 257.069 835.009 302.243 805.747 319.828 703.799 247.357 670.521 302.146 666.596 319.817 743.089 366.901 772.347 366.861 778.252 449.168 794.004 539.324 715.628 368.764 727.318 460.827 725.316 554.849 764.581 198.333 762.141 217.043 758.74 206.202 729.297 208.148 729.252 554.919 715.582 556.868 725.309 566.676 788.081 539.243 799.806 539.24 795.929 552.925 

-1
768.501 210.094 742.913 255.203 776.346 257.213 833.151 304.251 807.593 321.823 701.852 251.245 684.279 306.187 685.452 323.243 742.987 368.801 768.468 368.764 776.416 458.902 793.995 543.182 713.72 368.833 727.232 460.911 725.308 556.832 764.541 200.352 766.61 220.099 758.747 208.158 727.401 208.198 729.261 556.861 715.573 558.843 723.427 570.525 790.03 541.221 801.785 541.204 795.921 554.955 

-1
772.329 214.042 740.992 257.207 776.255 261.04 833.095 308.16 807.647 325.757 699.935 255.149 688.126 312.009 704.308 326.668 741.01 370.833 762.604 372.703 776.287 462.796 792.057 547.111 713.612 372.731 725.383 462.89 723.432 558.86 768.439 206.233 771.079 223.156 760.596 210.156 727.367 210.159 729.269 560.801 715.581 564.717 723.403 572.512 791.993 550.987 819.365 541.266 792.018 556.867 

-1
775.596 219.592 735.155 259.144 774.392 265.018 833.147 312.005 807.659 329.621 696.069 257.116 664.586 308.112 723.164 330.093 739.068 376.652 760.729 378.574 774.359 462.845 791.898 545.109 711.732 378.583 723.413 466.751 719.505 560.815 762.582 210.141 775.548 226.212 760.612 214.022 725.407 212.035 729.293 558.877 713.684 568.579 719.531 572.575 790.044 558.902 795.908 558.819 791.951 554.918 

-1
778.864 225.141 731.279 259.109 772.397 265.009 823.38 308.152 790.067 259.177 696.026 257.078 668.549 310.028 742.019 333.519 735.151 376.623 760.631 374.693 774.303 460.96 790.036 543.157 711.631 378.581 719.485 464.888 717.559 562.785 767.289 216.412 780.018 229.268 760.562 212.184 725.313 210.209 729.322 558.844 713.644 568.642 719.468 572.638 790.037 568.597 792.044 564.727 791.959 554.861 

-1
782.131 230.69 731.224 259.057 770.402 263.041 821.424 308.089 807.628 331.572 695.987 255.172 680.281 310.066 760.875 336.944 731.28 374.69 760.558 374.707 772.376 462.783 789.989 554.863 709.664 376.666 715.634 466.813 717.566 566.645 771.996 222.683 784.487 232.324 758.727 212.175 723.445 210.181 729.302 560.805 713.634 570.558 719.465 574.558 789.994 562.791 795.926 562.747 790.074 564.69 

-1
785.399 236.239 729.397 259.147 770.424 266.961 819.404 310.082 795.89 263.044 695.981 257.064 680.359 319.873 779.731 340.369 729.375 380.516 758.666 378.635 772.364 462.923 789.986 556.932 707.727 380.544 715.631 472.636 719.532 568.598 776.703 228.955 788.956 235.381 758.763 217.962 723.443 212.126 743.039 547.131 739.063 543.243 721.432 580.375 790.06 562.781 801.796 560.84 790.037 570.59 

-1
788.666 241.788 733.188 263.023 770.442 272.795 827.253 317.877 803.703 261.087 698.037 257.222 759.642 325.733 798.586 343.795 729.402 382.567 758.685 384.462 772.424 472.631 790.004 568.62 707.744 382.58 717.562 478.461 723.406 570.634 781.41 235.226 793.425 238.437 760.658 225.691 727.265 215.978 743.019 554.939 735.162 554.934 723.4 584.335 791.032 568.675 799.831 568.676 790.078 576.512 

-1
791.934 247.337 794.011 290.399 770.449 273.779 826.265 319.352 812.027 271.86 823.285 290.399 838.925 331.592 817.442 347.22 792.105 382.581 762.585 384.502 774.275 472.643 788.044 570.628 815.46 382.583 821.357 462.93 835.062 541.275 786.116 241.497 797.894 241.493 761.636 225.732 809.675 243.462 825.356 570.536 839.01 566.671 837.019 551.021 792.003 574.57 797.866 576.511 788.011 584.291 

-1
793.966 245.462 797.874 288.573 770.457 274.763 825.276 320.827 820.351 282.633 823.403 290.412 839.004 333.493 821.439 353.16 794.008 382.577 762.615 384.489 772.386 472.666 784.151 570.66 819.378 382.583 823.256 462.955 836.935 543.236 789.974 241.483 803.756 241.456 762.615 225.773 815.522 243.43 829.194 570.519 838.968 568.572 837.025 554.938 795.894 574.532 799.805 578.413 782.164 584.35 

-1
797.858 245.361 805.708 288.489 770.464 275.746 824.288 322.302 828.675 293.406 835.07 288.541 846.862 325.737 831.153 353.108 803.67 382.495 768.456 384.458 772.368 472.635 778.314 572.562 823.251 382.505 823.432 462.906 836.97 541.259 791.905 241.408 805.697 241.364 763.593 225.814 821.316 241.533 829.193 568.68 839.072 566.666 837.033 551.017 797.851 580.364 794.003 584.271 776.33 586.229 

-1
800.551 243.407 729.399 266.912 770.471 276.73 823.3 323.776 836.999 304.179 697.906 259.135 676.407 327.665 834.086 355.808 729.285 388.405 765.523 387.397 773.387 473.631 777.289 575.512 703.828 386.511 717.539 480.495 725.398 576.452 794.12 239.457 807.91 239.406 764.571 225.856 729.262 215.996 725.378 586.249 713.7 586.272 727.295 588.205 798.844 583.301 793.976 586.25 774.366 587.269 

-1
803.245 241.453 733.185 270.785 776.301 278.743 825.28 325.698 852.679 319.792 697.926 259.199 676.365 327.696 837.018 358.509 729.355 392.297 762.591 390.335 774.407 474.627 776.264 578.463 705.799 390.388 719.477 482.471 727.229 576.522 796.335 237.505 810.122 237.449 768.453 227.74 729.312 216.032 725.402 586.281 713.718 586.301 727.302 588.279 799.837 586.239 793.949 588.229 772.401 588.309 

-1
805.939 239.498 733.249 272.726 774.837 278.244 824.279 325.704 849.261 312.442 697.927 261.078 676.428 327.658 839.951 361.209 729.289 394.249 760.594 394.254 771.119 475.936 769.087 580.408 701.907 392.323 719.467 482.476 725.411 582.392 798.549 235.553 812.335 235.491 766.507 227.256 729.211 225.699 727.322 588.235 715.571 588.193 727.242 592.158 795.898 590.172 788.074 592.783 762.618 589.609 

-1
808.633 237.544 729.396 272.784 773.373 277.745 823.278 325.711 845.844 305.092 696.031 261.126 712.481 328.057 842.884 363.909 727.34 394.308 748.903 394.312 767.832 477.246 761.909 582.353 699.889 394.254 715.559 486.357 721.438 584.354 800.764 233.601 814.547 233.533 764.56 226.772 727.41 225.713 727.347 594.099 715.587 588.3 719.514 596.047 791.959 594.105 782.199 597.337 752.835 590.909 

-1
811.326 235.59 727.4 270.853 771.909 277.247 822.277 325.717 842.427 297.743 695.888 259.138 748.534 328.456 845.816 366.61 721.487 392.342 744.96 394.277 764.544 478.555 754.731 584.298 696.038 392.306 711.73 484.404 715.619 582.376 802.979 231.649 816.76 231.575 762.614 226.288 725.411 221.872 725.377 596.101 713.69 590.236 713.661 592.149 788.02 598.038 776.325 601.891 743.052 592.209 

-1
814.02 233.636 725.404 264.974 770.445 276.748 821.276 325.723 839.01 290.393 688.146 257.219 784.586 328.855 848.749 369.31 721.466 388.407 744.954 388.443 760.69 478.501 760.697 523.572 695.983 388.423 711.563 478.618 713.664 574.558 805.193 229.698 818.972 229.617 760.667 225.804 717.559 214.07 717.539 592.175 709.732 588.293 711.721 588.223 782.139 595.105 770.459 599.965 737.17 590.212 

-1
816.714 231.681 727.299 259.183 766.529 272.836 819.37 319.897 839.033 282.59 692.065 255.156 820.639 329.253 851.682 372.01 723.378 384.491 744.981 384.542 758.679 480.456 742.953 574.5 696.014 384.458 711.677 476.623 717.547 572.576 807.408 227.746 821.185 227.659 762.564 219.948 725.341 212.045 745.015 592.159 744.969 596.004 711.731 586.255 776.259 592.172 764.594 598.038 731.289 588.215 

-1
819.407 229.727 823.268 274.729 788.021 272.804 822.334 317.909 837.033 284.541 854.764 274.832 856.692 329.652 854.614 374.711 819.404 370.748 795.935 368.85 791.919 453.068 739.102 572.53 837.111 370.803 837.124 456.969 838.969 529.455 809.623 225.794 823.397 225.701 803.747 227.849 839.023 225.868 835.021 556.963 844.917 556.841 837.095 539.181 774.417 590.206 762.618 594.124 727.351 586.248 

-1
815.217 227.634 731.303 257.052 764.594 261.11 825.298 315.92 835.032 286.492 697.983 243.501 836.258 313.418 852.32 373.983 727.31 380.579 750.846 382.553 760.659 476.603 760.645 515.766 697.982 376.669 717.589 466.749 727.391 566.659 804.64 222.172 821.662 224.192 772.393 214.081 729.276 210.125 760.718 586.193 760.593 580.434 715.589 574.56 770.417 525.528 774.263 529.443 760.746 521.552 

-1
811.026 225.541 735.172 247.384 763.629 258.139 822.35 309.993 831.163 278.653 699.927 241.44 815.823 297.183 850.026 373.255 727.406 372.741 754.778 376.651 760.66 474.544 762.625 505.977 699.888 370.754 719.482 462.926 729.282 556.857 799.657 218.549 819.928 222.683 771.429 211.109 729.361 208.086 760.697 584.248 759.641 574.551 717.55 570.545 774.321 527.522 772.431 527.539 760.734 509.838 

-1
806.836 223.448 729.384 243.405 762.664 255.167 819.402 304.065 827.294 270.815 697.967 233.674 795.389 280.948 847.732 372.526 725.328 366.895 745.06 368.829 756.732 462.934 760.632 494.204 697.912 366.79 713.702 458.951 729.32 554.974 794.674 214.927 818.193 221.174 770.465 208.136 729.324 196.414 760.7 572.589 758.689 568.668 713.621 568.586 776.328 525.558 770.409 525.49 758.616 496.169 

-1
802.646 221.355 727.369 237.502 760.582 243.469 811.574 292.459 823.273 263.007 696.038 225.884 774.954 264.713 845.437 371.798 715.593 360.994 742.971 364.917 747.009 458.918 760.592 492.276 693.979 358.994 711.704 447.204 723.436 543.191 789.691 211.304 816.458 219.665 764.608 196.407 727.333 184.649 748.891 570.527 746.908 560.821 709.714 552.989 782.165 521.648 770.449 521.579 756.71 494.218 

-1
798.455 219.262 725.329 227.731 752.817 239.549 805.628 286.482 807.594 241.451 692.089 219.906 754.52 248.478 843.143 371.07 711.728 353.153 735.206 355.132 744.919 449.165 709.689 550.982 686.184 351.202 711.568 443.229 719.52 543.178 784.708 207.682 814.724 218.156 760.721 190.484 723.445 180.682 748.878 570.566 744.951 560.801 713.638 551.032 746.904 572.599 741.022 574.541 695.976 558.9 

-1
794.265 217.169 719.496 221.89 746.94 229.735 807.606 274.705 791.99 225.772 690.092 210.177 734.085 232.244 840.849 370.342 707.735 347.243 729.298 351.142 739.056 443.289 698.044 543.206 682.214 341.4 707.733 431.551 715.648 531.41 779.725 204.059 812.989 216.647 758.707 180.711 717.561 172.894 742.95 556.94 737.167 554.889 725.294 541.261 742.927 570.506 729.334 570.636 686.21 554.959 

-1
790.074 215.076 713.646 214.038 744.962 227.695 805.645 259.147 776.245 214.034 682.337 206.239 713.65 216.009 838.555 369.614 698.021 339.455 725.33 347.235 729.365 441.251 692.058 541.299 676.405 337.436 699.899 431.522 707.775 525.511 774.742 200.437 811.254 215.137 758.572 174.882 713.634 165.036 729.353 525.561 727.399 523.565 711.642 533.359 731.321 564.734 725.335 570.532 678.375 554.914 

-1
785.884 212.983 711.669 214.055 743.01 227.699 797.872 261.048 760.651 210.15 680.313 206.195 709.935 215.348 836.26 368.886 694.031 339.425 713.713 345.29 723.411 445.123 680.374 549.038 666.646 337.416 695.968 431.544 701.874 527.501 769.759 196.814 809.519 213.628 750.823 174.833 709.711 165.088 727.382 539.272 725.329 529.458 709.664 539.282 725.392 568.666 713.571 572.56 666.647 556.948 

-1
781.693 210.889 707.717 217.93 729.405 227.743 790.037 266.926 744.938 210.07 678.352 210.12 706.219 214.687 833.966 368.158 690.08 347.292 711.621 351.193 713.674 447.266 678.376 556.894 666.58 341.413 694.023 445.262 697.98 535.339 764.776 193.192 807.785 212.119 744.89 178.81 703.844 168.999 723.398 531.435 715.643 527.513 699.956 541.24 721.459 572.598 711.583 582.316 664.658 568.678 

-1
777.503 208.796 703.8 225.794 729.281 235.593 778.322 270.863 742.954 219.915 676.365 214.021 702.504 214.026 831.672 367.43 682.29 353.148 701.911 357.07 707.699 460.858 670.522 568.604 662.673 351.169 688.126 453.045 694.071 547.105 759.793 189.57 806.05 210.61 743.026 182.69 699.949 178.683 715.596 568.597 711.624 543.2 696.042 554.956 713.693 582.367 705.774 586.331 662.624 576.476 

-1
773.312 206.703 697.998 227.71 727.35 239.475 774.28 268.903 731.288 221.91 668.603 217.984 698.788 213.365 829.378 366.702 678.37 355.11 697.957 360.997 697.918 462.78 666.52 570.562 652.889 353.098 684.235 456.971 688.162 539.29 754.81 185.947 804.315 209.101 739.091 186.63 697.986 178.874 709.654 545.147 701.884 541.16 693.964 552.923 711.621 586.181 697.989 588.299 652.899 578.477 

-1
769.122 204.61 696.04 225.759 721.451 237.544 760.688 263.059 727.403 221.877 668.619 212.137 695.073 212.704 827.083 365.974 676.37 353.162 695.932 357.076 682.377 462.842 664.633 564.735 652.893 351.198 680.397 456.95 684.285 537.321 749.827 182.325 802.581 207.592 735.167 182.751 695.945 178.808 705.79 545.155 697.992 539.29 688.176 545.157 707.73 580.389 697.897 586.273 650.992 574.541 

-1
764.932 202.517 695.967 217.992 717.589 229.684 756.678 257.143 725.378 214.013 666.632 210.1 691.357 212.043 824.789 365.246 672.511 349.176 693.977 351.199 680.33 460.887 662.653 560.811 652.874 341.394 678.35 447.213 680.261 539.286 744.844 178.702 800.846 206.083 729.298 178.853 695.905 174.885 703.829 554.954 696.057 543.18 682.269 547.143 705.763 574.553 695.974 584.301 648.988 572.61 

-1
760.741 200.424 694.005 214.068 715.643 225.883 748.922 241.43 715.644 202.301 664.646 210.042 687.642 211.382 822.495 364.518 668.627 341.427 690.143 349.18 674.478 460.839 658.751 558.867 650.903 337.517 678.298 447.208 682.26 539.262 733.254 170.962 799.111 204.573 727.415 178.676 692.075 168.99 705.768 556.914 699.883 551.025 684.255 549.053 701.85 572.656 692.094 582.375 648.901 572.519 

-1
756.551 198.331 690.133 214.086 713.635 225.867 748.92 239.514 717.57 202.314 664.567 210.08 683.927 210.721 820.201 363.79 668.536 341.402 686.168 347.262 670.496 460.904 654.836 560.795 650.883 337.506 676.433 449.149 682.224 541.234 729.997 171.61 797.376 203.064 727.327 178.679 684.295 167.018 701.916 564.71 699.881 556.896 682.354 552.952 699.891 576.481 690.083 584.314 646.972 572.546 

-1
752.36 196.238 690.12 217.976 713.69 227.826 744.962 239.492 717.534 206.161 662.683 210.108 680.211 210.061 817.906 363.062 666.639 345.322 682.342 349.254 666.653 462.811 650.982 568.617 649.017 339.466 676.409 453.048 680.346 543.184 726.74 172.258 795.642 201.555 725.401 178.847 686.182 176.754 709.686 549.057 699.963 541.22 680.337 554.902 697.917 582.329 684.28 586.356 643.099 576.503 

-1
748.17 194.145 684.261 223.835 711.661 229.778 744.919 243.471 717.568 210.178 660.72 212.112 685.988 214.6 815.612 362.334 664.715 349.167 682.242 351.169 666.612 462.805 649.05 570.638 648.89 343.332 674.421 451.096 676.422 539.319 723.484 172.906 793.907 200.046 725.302 180.761 682.303 176.75 701.865 543.172 697.912 539.292 676.381 551.044 694.068 586.206 682.263 590.159 637.263 582.369 

-1
743.979 192.052 682.287 223.851 707.764 233.636 741.01 243.386 713.722 210.14 658.759 212.091 691.765 219.138 813.318 361.606 664.611 351.108 680.345 353.088 666.529 460.851 648.952 570.617 646.985 347.227 676.358 449.117 676.372 541.206 720.227 173.554 792.172 198.537 717.593 180.735 680.374 178.69 703.851 545.143 698.024 541.217 670.567 552.979 690.147 586.279 680.265 590.209 635.329 582.338 

-1
739.789 189.958 680.285 221.848 699.884 227.837 737.162 239.523 713.606 208.116 654.877 212.037 697.542 223.677 811.024 360.878 664.567 349.206 674.457 351.116 664.6 456.937 643.129 570.625 648.914 345.312 678.324 447.221 674.458 543.173 716.97 174.202 790.438 197.028 713.636 180.739 680.214 178.664 709.707 549.083 703.803 543.187 668.546 554.938 686.227 586.255 676.363 590.176 633.261 580.439 

-1
735.599 187.865 678.326 217.944 696.029 227.779 731.321 233.631 709.654 202.29 652.905 210.126 703.319 228.216 808.73 360.15 660.716 345.312 666.616 347.29 654.851 456.961 635.353 570.544 647.015 341.408 678.286 443.219 672.515 543.154 713.713 174.85 788.703 195.519 709.689 180.656 672.469 178.671 711.636 550.971 707.727 543.206 666.627 555.026 682.232 586.175 668.557 588.248 629.334 578.479 

-1
731.408 185.772 666.704 212.126 682.363 225.723 729.267 227.852 705.764 198.39 650.979 204.275 709.096 232.755 806.435 359.422 658.783 339.486 660.694 343.341 650.897 458.895 633.272 570.515 652.914 339.443 680.21 437.366 672.514 541.254 713.54 170.949 786.968 194.009 701.909 178.725 666.699 165.139 711.701 551.044 709.66 545.126 666.525 554.957 678.309 584.317 664.642 588.184 619.671 580.4 

-1
727.218 183.679 666.635 212.018 682.323 225.75 729.236 225.839 699.923 196.513 650.932 198.4 714.873 237.294 804.141 358.693 652.925 341.392 652.893 345.3 648.894 457.001 629.333 568.664 654.835 339.474 680.225 439.332 670.561 541.277 710.153 169.985 785.234 192.5 699.949 176.758 664.725 165.084 713.625 554.861 711.606 547.125 664.637 554.992 672.504 584.306 660.754 588.161 617.611 578.472 

-1
723.027 181.586 666.526 210.202 680.382 225.74 729.222 225.864 697.954 196.464 649.018 198.363 720.65 241.833 801.847 357.965 650.965 343.339 650.971 347.251 646.973 456.943 621.584 570.549 650.929 341.387 678.39 439.33 676.374 541.316 706.766 169.02 783.499 190.991 697.886 176.776 664.556 165.064 715.612 556.819 713.6 551.043 664.707 556.843 666.666 586.202 652.939 588.252 613.726 580.387 

-1
718.837 179.493 664.554 212.043 678.386 225.742 727.336 225.863 697.868 196.517 646.997 200.369 726.427 246.372 799.553 357.237 649.017 347.286 650.97 351.126 639.201 460.873 619.556 570.587 639.194 345.289 678.377 443.252 680.199 545.125 703.38 168.055 781.764 189.482 695.888 176.772 660.738 165.131 719.532 556.986 715.604 554.931 666.61 558.815 664.615 584.305 650.944 588.202 607.807 582.331 

-1
714.646 177.4 660.749 210.105 672.482 223.789 725.366 225.801 696.063 196.336 645.01 196.443 732.204 250.911 797.258 356.509 650.877 343.327 648.942 347.224 635.31 460.895 617.648 568.678 652.881 341.395 678.371 445.169 680.341 545.113 699.993 167.09 780.029 187.973 692.056 176.798 656.786 164.992 725.353 556.891 717.572 554.859 668.569 558.819 660.759 582.311 648.973 586.285 603.97 580.381 

-1
710.456 175.307 658.761 208.182 668.57 217.99 721.486 217.987 696.021 190.499 645.004 196.391 737.981 255.45 794.964 355.781 648.978 339.415 645.042 341.373 633.324 460.954 615.689 568.607 658.743 339.417 680.277 443.272 682.374 541.305 698.096 165.127 778.295 186.464 690.102 168.967 650.927 163.105 727.365 554.911 723.437 551.002 676.404 556.935 658.77 576.469 647.043 584.328 602.007 576.53 

-1
706.265 173.214 654.9 206.183 666.65 214.086 723.428 214.038 692.087 186.651 635.272 194.423 743.758 259.989 792.67 355.053 648.894 339.425 641.131 341.41 633.206 462.794 611.733 568.606 650.934 339.417 680.331 443.235 692.025 543.226 697.96 164.135 776.56 184.955 686.226 165.071 649.078 163.034 729.41 554.919 729.234 551.009 680.363 558.857 658.742 576.486 647.009 584.349 600.006 576.524 

-1
702.075 171.121 656.833 210.044 674.415 221.892 719.492 214.109 686.193 190.557 635.319 196.38 749.536 264.528 790.376 354.325 645.028 343.326 647.04 347.24 631.304 462.86 605.933 570.621 633.305 339.431 680.358 445.205 695.999 550.993 697.823 163.142 774.825 183.445 684.229 166.987 650.927 163.13 741.057 552.978 737.145 552.95 684.229 564.741 650.994 584.326 637.278 588.235 596.096 582.349 

-1
697.885 169.028 652.956 212.103 668.613 227.716 715.637 223.832 684.238 196.347 635.26 198.422 755.313 269.067 788.081 353.597 646.989 351.217 637.279 353.125 625.466 474.549 603.926 576.49 650.948 351.217 682.258 453.087 698.056 554.997 695.918 165.019 773.091 181.936 682.188 176.763 669.12 165.364 746.917 554.933 744.334 549.702 694.014 570.687 652.907 588.242 641.108 594.138 590.26 588.284 

-1
697.846 176.823 650.99 216.031 664.689 227.847 719.521 227.761 690.108 196.521 635.253 208.115 761.09 273.606 785.787 352.869 646.975 357.09 643.075 360.981 623.48 476.596 603.826 580.421 647.021 357.047 684.21 457.006 707.778 558.897 695.843 169.007 771.356 180.427 680.294 178.847 687.314 167.598 752.778 556.889 751.523 546.454 697.938 574.496 648.953 590.223 635.256 599.935 590.172 590.228 

-1
697.921 176.833 651.026 219.917 664.65 229.693 721.442 227.833 694.062 196.468 637.22 210.039 766.867 278.145 783.493 352.141 648.949 357.043 641.11 359.025 623.475 476.578 601.961 580.393 658.779 357.034 692.04 460.833 713.625 560.78 695.873 167.043 769.621 178.918 678.383 178.792 705.508 169.831 758.638 558.844 758.713 543.205 709.644 574.558 647.001 590.237 633.346 599.935 588.25 590.201 

-1
699.903 176.822 656.783 217.988 664.646 227.816 725.35 229.723 695.92 196.417 648.932 210.129 772.644 282.684 781.199 351.413 652.868 353.204 645.046 355.113 625.444 474.569 602.008 574.58 664.689 353.186 697.894 460.904 725.311 556.983 695.958 165.184 767.887 177.409 674.444 178.78 723.701 172.065 768.481 564.703 762.641 545.136 713.636 572.589 647.045 588.262 635.266 594.121 588.264 588.219 

-1
703.844 170.952 664.654 212.139 664.563 225.703 727.376 227.721 695.928 196.386 658.765 206.237 778.421 287.223 778.904 350.685 664.683 351.223 648.881 351.196 633.213 468.742 603.924 572.656 682.331 351.236 707.727 458.969 737.103 555.016 697.864 165.009 766.152 175.9 678.342 176.788 741.895 174.298 780.26 556.906 776.389 550.985 729.24 570.604 652.881 588.184 639.208 592.128 590.229 586.336 

-1
711.723 167.015 670.503 212.04 668.593 221.903 737.156 225.869 699.913 194.446 666.652 204.237 784.198 291.761 776.61 349.957 670.567 351.184 651.018 351.172 635.198 470.674 609.774 572.57 693.994 351.209 713.734 458.947 748.934 553.008 701.873 163.052 764.417 174.391 680.315 170.92 760.089 176.532 795.894 554.957 793.921 550.993 743.059 570.535 656.786 586.267 645.062 590.174 599.974 586.208 

-1
758.633 178.865 758.611 227.737 723.402 225.738 741.082 227.82 707.744 197.373 791.977 231.647 789.975 296.3 774.316 349.229 742.928 325.738 719.476 323.798 727.328 417.808 731.228 478.588 760.655 329.639 766.513 417.77 772.312 494.22 748.908 172.894 762.682 172.881 743.024 178.759 778.282 178.766 762.59 505.923 764.554 502.056 764.585 502.008 727.345 502.036 727.268 503.967 741.001 488.312 

-1
719.531 174.849 680.364 214.085 682.208 225.878 745.008 229.771 715.576 200.301 678.338 208.174 778.878 294.35 774.313 342.048 684.256 357.064 666.548 357.035 645.062 474.57 615.615 580.413 707.743 357.056 729.395 462.777 772.39 556.943 711.714 165.146 759.742 172.879 684.233 178.672 0 0 821.285 558.874 817.416 554.968 762.656 572.621 662.637 590.193 648.969 599.939 601.919 590.251 

-1
727.302 178.73 682.332 223.78 682.249 229.775 750.818 241.376 717.534 204.267 682.313 212.111 767.782 292.4 774.31 334.867 684.256 362.937 666.541 362.904 646.988 476.617 615.611 586.248 707.732 364.845 741 462.933 778.243 566.645 713.617 169.042 756.802 172.876 684.288 180.699 0 0 825.319 562.802 823.316 558.819 774.399 584.293 660.73 598.056 648.937 603.84 601.928 598.003 

-1
729.321 182.745 688.168 225.876 686.238 237.542 758.719 243.408 727.274 212.036 690.11 219.931 756.686 290.45 774.307 327.686 692.049 364.899 666.666 364.863 648.986 478.482 615.656 586.342 711.681 366.815 744.904 464.799 788.026 570.528 719.528 178.744 753.862 172.874 692.063 182.712 0 0 835.083 570.532 831.14 564.731 778.328 586.259 662.669 601.894 649.017 603.998 601.922 599.96 

-1
733.26 182.75 693.979 227.796 695.975 239.448 770.454 243.453 729.337 212.073 692.049 223.796 745.589 288.499 774.304 320.505 697.89 366.877 680.236 366.885 650.977 480.523 617.593 586.284 715.559 366.868 758.626 464.839 792.056 570.569 727.389 178.798 750.922 172.871 697.86 184.708 0 0 842.898 570.574 839.047 566.648 790.023 588.182 660.758 601.882 648.983 603.958 602.026 596.102 

-1
742.97 182.664 701.841 227.688 701.908 239.487 774.359 243.479 739.081 212.047 697.95 216.012 734.493 286.549 774.301 313.324 705.779 368.803 686.214 368.852 656.827 482.45 619.555 586.258 725.351 368.779 764.566 468.718 805.633 570.652 729.41 178.739 747.981 172.869 701.887 186.595 0 0 852.749 570.609 850.709 566.692 797.856 588.209 664.656 601.858 650.993 603.946 605.835 596.075 

-1
745.039 180.777 709.641 225.831 711.568 235.559 786.092 243.455 744.959 210.154 703.82 215.991 723.396 284.599 774.298 306.143 709.732 368.772 699.897 368.84 666.549 478.575 619.694 584.29 723.419 366.822 776.265 466.751 809.66 572.498 739.07 178.668 745.041 172.866 711.576 182.777 0 0 860.541 570.649 856.617 568.608 805.716 588.326 664.688 601.999 662.678 603.884 609.753 596.07 

-1
754.774 180.664 713.701 225.73 713.708 233.631 790.048 243.515 756.655 210.204 711.698 214.029 733.222 286.532 784.131 310.056 715.616 370.805 699.956 372.752 666.686 480.55 621.601 584.297 733.192 370.763 784.115 462.937 815.497 572.563 744.944 174.887 750.225 174.188 715.56 182.736 0 0 864.466 572.603 858.601 570.567 807.667 588.314 666.693 601.935 654.873 603.989 609.755 590.267 

-1
758.698 180.788 719.523 225.876 725.358 235.619 793.992 243.512 760.715 214.054 713.634 216.028 729.339 288.408 786.073 306.163 717.565 376.624 709.668 378.576 668.531 484.411 619.695 584.267 729.356 374.698 789.956 464.844 813.55 574.586 746.975 176.848 755.409 175.51 717.591 182.725 0 0 864.448 578.454 856.693 572.641 807.62 594.1 664.703 601.96 652.874 603.973 605.907 590.222 

-1
760.627 184.636 719.525 229.728 727.347 241.438 799.796 243.498 758.636 212.02 711.672 223.87 666.545 245.406 631.344 223.782 723.431 380.526 711.701 380.573 670.524 486.377 619.552 584.289 733.239 378.609 790.076 468.73 813.563 582.358 752.777 178.809 760.593 176.832 721.451 184.702 0 0 864.468 586.281 858.625 582.325 805.763 599.96 662.665 603.891 648.949 605.901 603.931 590.183 

-1
764.591 182.714 725.31 231.677 729.369 241.459 801.735 245.385 758.74 210.143 713.554 227.702 662.658 247.335 631.333 223.84 725.39 378.592 713.7 380.589 678.364 482.471 619.539 580.433 739.071 376.647 792.015 468.705 813.525 584.341 758.599 178.758 762.568 174.857 727.343 190.485 0 0 864.44 590.246 858.626 586.342 805.704 601.873 662.65 603.935 648.943 605.921 603.851 588.232 

-1
774.424 182.688 729.362 237.515 745.052 241.417 807.646 245.425 774.252 212.164 713.706 231.679 662.621 247.353 631.293 216.024 727.361 380.537 742.968 380.579 801.736 468.718 817.489 586.241 711.638 378.585 684.3 482.453 621.597 576.468 762.647 178.69 774.309 172.894 733.238 184.654 0 0 664.561 603.906 656.804 601.913 603.975 586.246 868.343 590.164 854.742 599.952 807.628 599.983 

-1
784.182 180.85 742.92 233.62 752.807 239.517 821.37 247.379 778.28 212.02 727.347 227.842 666.556 249.3 633.318 221.907 748.924 380.585 735.194 382.523 703.81 488.317 633.273 574.502 766.495 380.532 811.591 466.794 823.268 586.243 774.426 178.669 785.094 172.906 745.029 182.773 0 0 870.399 601.9 868.456 592.167 809.682 601.906 664.693 605.875 650.891 605.895 617.532 578.463 

0
797.892 182.674 750.847 237.541 772.334 241.38 837.048 251.28 792.013 212.084 729.347 233.655 670.559 251.303 643.055 225.705 762.618 380.592 748.928 382.551 725.357 492.293 646.944 572.654 778.277 380.547 823.331 476.479 831.203 588.271 790.044 178.704 795.879 172.918 760.597 184.638 0 0 880.125 603.99 878.187 600.001 821.282 603.881 670.534 609.781 656.791 607.799 629.345 576.473 

0
811.633 184.626 770.389 231.668 776.264 239.49 850.737 253.186 807.712 212.175 772.347 227.697 793.927 290.47 842.924 321.811 776.393 382.491 758.714 382.509 743.023 498.12 652.901 574.554 797.865 382.479 835.067 478.496 836.993 596.101 805.646 178.81 807.748 176.764 774.318 188.581 0 0 884.035 609.794 882.063 603.884 821.449 607.863 676.409 615.656 662.686 611.721 637.205 574.529 

0
821.421 186.588 776.31 231.697 786.081 239.492 854.779 253.244 819.349 214.111 774.39 227.752 805.703 292.388 856.604 329.608 784.169 384.478 764.545 384.486 758.666 505.956 664.7 572.668 803.729 384.491 837.009 480.477 835.109 600 809.655 180.68 821.279 176.867 778.283 190.538 0 0 883.973 615.621 878.217 605.854 821.387 613.667 680.34 617.549 666.59 609.825 648.997 572.579 

0
758.609 210.198 752.794 243.466 727.236 241.525 676.38 257.174 647.042 237.554 778.29 233.618 811.586 292.422 864.467 333.517 744.958 353.162 727.327 353.152 742.985 433.492 758.658 498.119 760.708 353.128 776.362 429.566 830.221 599.015 754.723 210.173 758.663 210.014 743.072 212.069 0 0 879.116 615.607 875.257 604.91 818.436 611.726 687.18 612.698 673.434 605.918 660.726 566.692 

0
829.253 180.737 792.006 225.739 791.944 229.768 868.384 251.286 827.293 212.176 786.604 226.275 820.89 288.996 872.785 330.572 801.734 380.569 780.232 380.59 782.194 507.992 684.288 568.588 821.318 380.546 837.038 480.527 825.333 598.03 821.377 176.807 825.335 170.938 791.91 182.681 0 0 874.26 615.593 872.297 603.965 815.485 609.785 694.021 607.847 680.279 602.011 672.456 560.805 

0
837.123 178.816 801.762 223.808 799.822 227.715 872.348 243.515 835.047 210.146 794.919 218.932 830.194 285.57 881.103 327.626 803.748 372.739 788.011 374.69 799.849 505.879 701.859 560.844 821.393 370.778 837.107 480.452 825.323 597.985 825.375 170.981 836.978 165.174 795.901 178.864 0 0 874.276 611.772 870.435 603.927 813.562 607.837 711.635 605.846 696.047 601.915 688.151 556.959 

0
848.765 174.873 805.665 217.975 805.654 223.806 882.142 241.484 839.01 200.307 803.233 211.589 839.498 282.143 889.42 324.68 817.479 368.868 801.807 370.777 821.359 496.136 723.398 558.834 835.039 368.827 840.936 478.495 829.227 592.2 837.085 165.062 844.913 163.175 807.585 176.784 0 0 880.133 607.87 874.306 603.853 819.346 605.864 737.14 603.917 723.42 601.868 705.783 556.907 

0
856.671 166.99 813.559 210.148 819.407 214.017 889.988 229.798 854.643 200.301 811.548 204.246 848.802 278.717 897.738 321.734 823.31 364.883 811.617 366.81 837.078 492.197 743.016 556.936 836.981 362.94 848.763 488.319 835.019 588.267 850.686 163.026 854.761 159.165 817.419 167.022 0 0 882.069 603.986 876.24 601.878 821.264 601.986 762.664 601.939 746.967 598.069 727.32 556.825 

0
868.482 163.073 825.31 208.102 825.326 210.128 905.634 221.898 868.315 196.371 825.318 200.361 864.488 272.767 909.511 319.753 829.222 355.101 821.335 357.076 854.68 478.567 762.645 554.929 839.058 353.164 850.693 478.54 837.041 586.202 858.576 151.401 868.356 149.451 825.285 163.028 0 0 884.027 601.901 880.132 594.107 823.272 598.046 790.009 599.94 774.309 594.131 746.98 554.928 

0
880.156 153.31 835.092 196.447 837.071 200.358 913.48 216.04 872.334 184.629 829.231 194.411 866.393 270.79 917.356 310.023 837.01 351.223 835.037 353.205 872.28 476.525 786.1 552.988 839.023 349.25 848.779 474.597 837.107 576.51 870.267 147.429 874.31 147.397 838.926 153.329 0 0 884.066 598.016 880.15 588.328 823.414 588.234 807.66 588.208 797.849 586.247 770.42 552.965 

0
886.067 151.331 839.098 196.402 848.773 198.426 917.479 212.133 884.038 182.708 835.074 192.512 868.37 266.939 925.239 306.2 838.957 351.124 839.012 351.23 886 474.55 813.524 558.9 835.101 349.217 854.633 472.618 839.013 572.582 878.21 145.465 884.179 143.537 846.807 149.465 0 0 884.021 594.148 880.158 588.242 836.978 586.349 839.046 598.042 825.292 596.063 793.953 562.805 

0
897.71 149.419 850.725 194.484 854.672 196.487 931.007 214.035 889.977 180.819 839.066 192.443 882.092 264.949 933.138 306.152 850.771 351.187 850.711 353.158 899.768 466.774 835.114 564.758 850.763 349.252 854.646 474.552 837.099 572.571 886.003 143.506 897.688 135.782 854.63 149.4 0 0 883.994 592.15 880.119 586.278 813.55 594.115 878.192 594.106 868.347 598.055 817.411 572.619 

0
901.678 147.513 856.663 194.5 862.496 196.486 933.144 212.186 897.763 180.708 852.674 190.568 901.635 266.934 946.789 310.009 852.638 349.208 852.736 351.156 911.445 462.888 854.692 570.587 844.878 347.288 852.795 464.833 836.941 574.518 891.911 137.653 899.714 135.691 856.715 147.523 0 0 870.329 588.362 872.363 590.256 821.42 588.185 899.807 599.999 886.04 601.943 839.045 582.352 

0
903.733 147.485 860.581 194.395 864.476 196.387 935.047 214.117 899.766 180.679 854.749 190.52 901.742 261.068 948.752 306.145 852.714 351.147 856.65 351.218 915.403 462.901 876.265 572.592 840.991 349.253 852.729 460.915 831.193 572.535 897.74 137.618 903.655 133.823 866.389 147.422 0 0 856.611 584.336 870.349 587.283 821.321 586.299 921.298 599.951 905.638 601.954 864.487 586.215 

0
911.482 147.455 866.364 192.464 868.404 196.34 946.705 214.085 903.674 180.709 856.669 184.683 903.685 259.198 952.612 304.182 854.697 349.208 864.453 351.182 919.386 460.963 899.722 580.427 844.882 347.268 852.623 460.838 825.37 572.521 899.814 137.623 909.52 133.795 868.406 147.438 0 0 870.43 588.226 868.334 584.31 813.535 586.237 948.736 599.962 934.979 603.837 886 588.329 

0
917.448 147.369 872.279 188.563 876.228 196.382 950.674 217.974 915.484 180.687 868.326 180.708 915.405 263.01 964.377 304.091 868.423 345.315 870.422 349.183 931.102 460.922 929.075 584.269 860.546 343.347 852.786 460.806 825.368 570.616 911.449 135.697 917.367 133.768 874.239 145.501 0 0 874.306 588.299 870.315 586.22 813.531 582.392 980.143 598.012 968.318 601.987 915.408 592.186 

0
931.148 143.49 885.954 184.696 885.977 194.493 966.359 212.119 929.105 178.72 882.053 178.807 933.06 259.116 978.18 302.168 880.157 339.419 882.138 341.39 944.806 460.859 952.67 582.358 872.34 337.484 858.574 451.087 833.096 568.6 919.359 133.656 931.02 131.707 886.089 143.467 0 0 876.23 586.247 870.354 580.428 819.345 578.425 1011.41 588.28 997.717 598.031 946.682 596.095 

0
944.725 141.556 895.784 184.644 897.737 194.419 978.024 212.111 935.053 170.986 888.015 178.812 952.623 255.207 993.805 298.251 891.903 345.316 897.783 349.184 954.563 460.895 980.077 580.391 886.043 343.371 868.303 451.146 835.127 562.771 931.138 131.832 938.928 131.675 899.745 139.563 0 0 882.034 582.349 872.322 576.457 821.293 574.493 1038.81 586.204 1027.04 590.232 974.156 596.063 

0
948.826 137.666 899.799 180.809 901.691 190.534 983.954 214.035 946.807 172.92 897.759 176.823 958.528 245.433 1001.61 290.52 899.747 339.447 903.668 341.4 962.401 460.786 997.739 576.509 888.045 339.41 870.364 447.239 835.082 556.873 942.794 131.698 948.815 129.758 903.704 133.811 0 0 882.051 578.414 872.302 572.613 819.424 570.53 1058.36 574.546 1044.76 586.245 993.818 596.056 

0
958.487 135.656 913.401 180.761 909.506 188.553 991.852 212.158 948.782 167.026 913.435 176.837 964.47 245.467 1009.5 290.447 905.652 339.479 913.434 343.352 964.469 458.911 1009.52 574.571 901.684 339.45 870.431 449.119 831.176 554.94 946.784 129.823 952.642 127.849 915.355 135.676 0 0 874.287 574.583 870.303 572.551 815.519 566.664 1066.25 572.563 1056.46 584.269 1007.44 594.118 

0
964.309 135.692 915.424 180.767 915.381 186.636 995.838 214.103 962.39 174.831 915.372 176.857 974.171 243.48 1017.28 288.472 915.379 343.353 917.378 345.336 968.35 456.989 1013.38 576.534 905.638 341.39 876.262 447.273 827.281 552.953 952.633 129.792 962.49 127.837 917.462 133.751 0 0 870.435 574.525 868.355 570.672 811.593 560.78 1072.07 572.608 1058.51 584.345 1009.51 596.1 

0
972.235 139.612 923.263 186.635 925.198 194.509 1007.52 216.027 966.399 174.825 919.33 180.712 985.956 255.21 1027.07 290.554 919.388 347.283 931.076 351.122 980.144 462.816 1023.13 586.288 913.428 345.316 889.928 447.266 835.034 552.99 962.417 131.784 968.362 131.638 931.038 135.73 0 0 872.331 576.505 868.397 572.606 817.477 560.82 1074.11 588.186 1062.37 596.083 1013.36 601.936 

-1
984.029 147.478 938.945 194.44 936.942 198.392 1023.15 227.724 983.972 182.692 938.931 188.544 997.714 261.115 1042.79 296.36 936.992 349.236 946.817 351.166 995.772 466.788 1029.02 588.296 929.126 347.285 913.38 454.982 840.95 554.942 978.043 135.711 985.953 133.843 942.872 147.361 0 0 882.126 586.205 876.208 580.379 823.295 562.752 1087.78 601.885 1074.11 605.846 1023.17 603.964 

-1
1007.46 149.515 958.519 198.358 954.607 206.202 1040.71 229.743 999.632 182.755 958.523 194.482 1019.26 270.821 1064.28 304.119 958.49 355.088 966.396 355.133 1013.39 466.8 1042.79 598.01 944.826 353.177 933.043 460.963 856.657 554.979 995.68 145.429 1007.51 143.53 962.355 149.42 0 0 895.781 586.311 887.99 584.258 838.928 560.819 1099.57 609.811 1087.79 617.607 1032.99 611.736 

-1
0 0 0 0 0 0 0 0 0 0 0 0 0 0 0 0 0 0 0 0 0 0 0 0 0 0 0 0 0 0 0 0 0 0 0 0 0 0 0 0 0 0 0 0 0 0 0 0 0 0 
-1000 -1000 -1000 -1000 -1000 -1000 -1000 -1000 -1000 -1000 -1000 -1000 -1000 -1000 -1000 -1000 -1000 -1000 -1000 -1000 -1000 -1000 -1000 -1000 -1000 -1000 -1000 -1000 -1000 -1000 -1000 -1000 -1000 -1000 -1000 -1000 -1000 -1000 -1000 -1000 -1000 -1000 -1000 -1000 -1000 -1000 -1000 -1000 -1000 -1000 -1000 -1000 -1000 -1000 -1000 -1000 -1000 -1000 -1000 -1000 -1000 -1000 -1000 -1000 -1000 -1000 -1000 -1000 -1000 -1000 -1000 -1000 -1000 -1000 -1000 
