0 person 0.952748 0.514063 0.110185 0.182292 0.766667
0 wheelchair 0.950305 0.511979 0.271296 0.242708 0.626852
11 person 0.969611 0.490104 0.057407 0.225521 0.850926
11 wheelchair 0.972967 0.511979 0.278704 0.247396 0.607407
14 person 0.975981 0.487500 0.062037 0.228125 0.838889
14 wheelchair 0.971867 0.509375 0.278704 0.247396 0.610185
24 person 0.983489 0.504687 0.122222 0.187500 0.732407
24 wheelchair 0.977134 0.516667 0.283333 0.242708 0.600926
44 person 0.984098 0.475521 0.126852 0.237500 0.771296
44 wheelchair 0.945088 0.506771 0.268519 0.250000 0.634259
49 person 0.983242 0.473437 0.136111 0.240104 0.763889
49 wheelchair 0.945268 0.502083 0.261111 0.252083 0.638889
50 person 0.983208 0.473437 0.138889 0.244792 0.761111
50 wheelchair 0.935174 0.500000 0.254630 0.252083 0.650926
68 person 0.950929 0.463542 0.175000 0.256771 0.706481
68 wheelchair 0.944838 0.497396 0.250000 0.256771 0.660185
75 person 0.980459 0.468750 0.148148 0.254687 0.744444
75 wheelchair 0.936120 0.497396 0.244444 0.261979 0.665741
91 person 0.989733 0.470833 0.126852 0.247396 0.783333
91 wheelchair 0.923011 0.502083 0.261111 0.261979 0.641667
91 bed 0.267847 0.009375 0.283333 0.345833 0.718518
99 person 0.987819 0.490104 0.146296 0.208854 0.715741
99 wheelchair 0.927067 0.509375 0.268519 0.259375 0.641667
99 bed 0.215209 0.009375 0.287963 0.345833 0.706481
108 person 0.983856 0.500000 0.141667 0.199479 0.723148
108 wheelchair 0.894806 0.509375 0.316667 0.256771 0.614815
125 person 0.984567 0.454167 0.125000 0.261979 0.792593
125 wheelchair 0.898013 0.500000 0.251852 0.264062 0.665741
125 bed 0.234469 0.006771 0.297222 0.345833 0.689815
136 person 0.895197 0.384375 0.162963 0.333854 0.727778
136 wheelchair 0.908142 0.504687 0.247222 0.259375 0.677778
142 person 0.888788 0.425000 0.225926 0.300000 0.667593
142 wheelchair 0.885771 0.506771 0.250000 0.254687 0.675000
148 person 0.920525 0.420312 0.235185 0.305208 0.660185
148 wheelchair 0.880420 0.506771 0.348148 0.254687 0.552778
168 person 0.874056 0.389062 0.203704 0.326562 0.694444
168 wheelchair 0.974979 0.514063 0.263889 0.250000 0.638889
174 person 0.796306 0.391667 0.213889 0.324479 0.670370
174 wheelchair 0.957351 0.502083 0.263889 0.264062 0.641667
176 person 0.852874 0.391667 0.211111 0.324479 0.670370
176 wheelchair 0.944270 0.502083 0.261111 0.264062 0.643519
196 person 0.956151 0.386979 0.316667 0.261979 0.612963
196 bed 0.352513 0.365104 0.319444 0.276042 0.562037
196 wheelchair 0.907274 0.586458 0.191667 0.187500 0.715741
219 person 0.974723 0.375000 0.408333 0.285937 0.540741
219 wheelchair 0.975333 0.576563 0.223148 0.204167 0.689815
230 person 0.969353 0.367708 0.410185 0.290625 0.533333
230 wheelchair 0.976569 0.571875 0.223148 0.211458 0.701852
