0 person 0.993615 0.430208 0.141667 0.189583 0.838889
0 bed 0.352798 0.768750 0.482407 0.194271 0.500000
0 wheelchair 0.920657 0.415625 0.468519 0.213542 0.477778
20 person 0.992617 0.415625 0.165741 0.201562 0.795370
20 wheelchair 0.919603 0.410937 0.463889 0.223438 0.482407
27 person 0.992906 0.415625 0.160185 0.201562 0.804630
27 wheelchair 0.927381 0.410937 0.463889 0.223438 0.482407
47 person 0.990614 0.425000 0.196296 0.187500 0.739815
47 wheelchair 0.930796 0.410937 0.456481 0.218750 0.509259
64 person 0.992299 0.422917 0.155556 0.182292 0.862963
64 wheelchair 0.906698 0.415625 0.480556 0.204167 0.494444
72 person 0.995200 0.418229 0.146296 0.192188 0.893519
72 wheelchair 0.906916 0.415625 0.487963 0.206250 0.492593
92 person 0.987678 0.420312 0.187037 0.192188 0.836111
92 wheelchair 0.879026 0.406250 0.504630 0.218750 0.473148
92 bed 0.463442 0.011979 0.275926 0.206250 0.749074
104 person 0.992798 0.425000 0.177778 0.184896 0.843518
104 bed 0.277806 0.756771 0.583333 0.213542 0.412963
104 wheelchair 0.881798 0.420312 0.475926 0.199479 0.504630
119 person 0.987842 0.420312 0.189815 0.196875 0.828704
119 bed 0.209847 0.004688 0.045370 0.211458 0.934259
119 bed 0.275020 0.735417 0.482407 0.256771 0.525926
119 wheelchair 0.775305 0.418229 0.480556 0.201562 0.494444
131 person 0.987209 0.422917 0.218519 0.189583 0.812037
131 wheelchair 0.447415 0.413021 0.477778 0.211458 0.494444
148 person 0.988876 0.425000 0.247222 0.187500 0.775926
148 bed 0.222322 0.759375 0.595370 0.206250 0.396296
148 wheelchair 0.544164 0.406250 0.393519 0.218750 0.629630
158 person 0.965823 0.422917 0.295370 0.189583 0.737963
158 wheelchair 0.619943 0.415625 0.468519 0.211458 0.494444
159 person 0.967415 0.422917 0.300000 0.187500 0.727778
159 wheelchair 0.685695 0.415625 0.468519 0.211458 0.494444
165 person 0.962202 0.420312 0.316667 0.192188 0.701852
165 wheelchair 0.754611 0.410937 0.372222 0.208854 0.655556
170 person 0.969054 0.422917 0.328704 0.187500 0.682407
170 bed 0.207359 0.761979 0.595370 0.206250 0.405556
170 wheelchair 0.751518 0.415625 0.463889 0.204167 0.487963
177 person 0.974978 0.425000 0.343519 0.187500 0.662963
177 wheelchair 0.881653 0.415625 0.468519 0.206250 0.480556
202 person 0.980371 0.427604 0.336111 0.184896 0.677778
202 wheelchair 0.912187 0.418229 0.468519 0.201562 0.482407
206 person 0.978477 0.427604 0.343519 0.184896 0.662963
206 wheelchair 0.908231 0.415625 0.470370 0.204167 0.480556
224 person 0.960460 0.422917 0.331481 0.189583 0.684259
224 wheelchair 0.915714 0.408333 0.463889 0.206250 0.489815
226 person 0.961086 0.422917 0.324074 0.187500 0.701852
226 wheelchair 0.932706 0.408333 0.463889 0.208854 0.492593
236 person 0.959079 0.425000 0.333333 0.187500 0.684259
236 wheelchair 0.946808 0.406250 0.461111 0.216146 0.497222
238 person 0.956887 0.425000 0.338889 0.189583 0.675000
238 wheelchair 0.945210 0.406250 0.458333 0.216146 0.500000
261 person 0.955341 0.420312 0.324074 0.187500 0.701852
261 wheelchair 0.946510 0.406250 0.473148 0.206250 0.475926
278 person 0.958300 0.420312 0.316667 0.187500 0.708333
278 wheelchair 0.918662 0.408333 0.470370 0.208854 0.480556
288 person 0.959918 0.420312 0.319444 0.192188 0.711111
288 wheelchair 0.935581 0.410937 0.473148 0.204167 0.470370
309 person 0.960471 0.422917 0.336111 0.189583 0.677778
309 wheelchair 0.951263 0.408333 0.461111 0.213542 0.492593
