0 person 0.989828 0.396354 0.074074 0.230729 0.864815
0 wheelchair 0.896865 0.379687 0.333333 0.271354 0.648148
11 person 0.989159 0.396354 0.064815 0.232812 0.869444
11 wheelchair 0.883750 0.379687 0.331481 0.271354 0.643519
21 person 0.990130 0.398958 0.074074 0.225521 0.857407
21 wheelchair 0.877798 0.384375 0.333333 0.264062 0.638889
41 person 0.985624 0.398958 0.071296 0.230729 0.864815
41 wheelchair 0.862491 0.384375 0.328704 0.268750 0.648148
65 person 0.977266 0.401042 0.066667 0.230729 0.912963
65 wheelchair 0.804972 0.386979 0.345370 0.266667 0.614815
85 person 0.975400 0.406250 0.102778 0.218750 0.891667
85 wheelchair 0.817023 0.381771 0.352778 0.273958 0.595370
89 person 0.963022 0.406250 0.095370 0.216146 0.903704
89 wheelchair 0.903369 0.386979 0.348148 0.264062 0.605556
105 person 0.970428 0.398958 0.125000 0.225521 0.855556
105 wheelchair 0.894826 0.377083 0.357407 0.273958 0.586111
105 crane 0.228781 0.778646 0.000000 0.218750 1.064815
115 person 0.974447 0.396354 0.134259 0.235417 0.838889
115 wheelchair 0.878393 0.386979 0.350926 0.264062 0.586111
115 crane 0.253275 0.776042 0.000000 0.216146 1.078704
123 person 0.969471 0.398958 0.182407 0.230729 0.771296
123 wheelchair 0.818243 0.384375 0.338889 0.264062 0.612963
148 wheelchair 0.908621 0.381771 0.345370 0.264062 0.588889
148 person 0.956539 0.401042 0.218519 0.223438 0.720370
157 wheelchair 0.904851 0.384375 0.333333 0.261979 0.602778
157 person 0.921771 0.401042 0.223148 0.228125 0.720370
182 wheelchair 0.803168 0.391667 0.250000 0.244792 0.747222
182 person 0.831433 0.393750 0.218519 0.240104 0.730556
183 wheelchair 0.839656 0.391667 0.259259 0.247396 0.730556
183 person 0.806010 0.398958 0.170370 0.237500 0.787963
189 wheelchair 0.719492 0.389062 0.237963 0.252083 0.775926
189 person 0.849635 0.398958 0.165741 0.235417 0.795370
213 wheelchair 0.553316 0.381771 0.220370 0.256771 0.720370
213 person 0.857202 0.389062 0.225926 0.244792 0.713889
221 wheelchair 0.625601 0.391667 0.237963 0.247396 0.773148
221 person 0.882371 0.389062 0.223148 0.244792 0.718518
229 wheelchair 0.685799 0.384375 0.215741 0.256771 0.725926
229 person 0.803425 0.398958 0.175000 0.235417 0.775926
