0 person 0.988806 0.415625 0.045370 0.180208 0.775926
0 bed 0.592673 0.761979 0.309259 0.213542 0.689815
0 wheelchair 0.949438 0.420312 0.333333 0.177604 0.456481
25 person 0.988209 0.415625 0.076852 0.168229 0.694444
25 bed 0.514933 0.759375 0.292593 0.208854 0.720370
25 wheelchair 0.952322 0.408333 0.321296 0.187500 0.477778
41 person 0.980390 0.418229 0.088889 0.165625 0.691667
41 bed 0.540728 0.764063 0.297222 0.204167 0.711111
41 bed 0.590819 0.016667 0.331481 0.220833 0.648148
41 wheelchair 0.942269 0.410937 0.326852 0.180208 0.485185
53 person 0.985169 0.413021 0.090741 0.165625 0.684259
53 bed 0.366598 0.759375 0.273148 0.208854 0.749074
53 wheelchair 0.945803 0.408333 0.319444 0.182292 0.482407
70 person 0.990509 0.406250 0.088889 0.168229 0.670370
70 bed 0.319538 0.018750 0.312037 0.213542 0.684259
70 bed 0.552676 0.756771 0.155556 0.213542 0.857407
70 wheelchair 0.954447 0.406250 0.321296 0.182292 0.468519
83 person 0.984338 0.406250 0.100926 0.170312 0.662963
83 bed 0.456710 0.754687 0.129630 0.211458 0.900926
83 wheelchair 0.883691 0.406250 0.309259 0.175000 0.487963
91 person 0.985739 0.408333 0.102778 0.170312 0.655556
91 bed 0.219794 0.014062 0.324074 0.223438 0.662963
91 bed 0.579171 0.756771 0.143519 0.211458 0.869444
91 wheelchair 0.911418 0.406250 0.314815 0.177604 0.477778
103 person 0.987046 0.410937 0.102778 0.172917 0.650926
103 bed 0.509711 0.752083 0.153704 0.211458 0.857407
103 wheelchair 0.913808 0.410937 0.312037 0.180208 0.480556
106 person 0.988359 0.410937 0.102778 0.177604 0.650926
106 bed 0.562792 0.756771 0.162963 0.211458 0.840741
106 wheelchair 0.881272 0.406250 0.309259 0.177604 0.487963
122 person 0.983335 0.403646 0.081481 0.199479 0.713889
122 bed 0.275019 0.018750 0.312037 0.216146 0.675000
122 bed 0.482731 0.764063 0.153704 0.201562 0.855556
122 wheelchair 0.816479 0.410937 0.312037 0.165625 0.480556
130 person 0.983305 0.403646 0.090741 0.201562 0.701852
130 bed 0.476390 0.759375 0.170370 0.206250 0.828704
130 wheelchair 0.646257 0.408333 0.307407 0.160938 0.489815
142 person 0.981471 0.413021 0.112963 0.170312 0.638889
142 bed 0.375133 0.018750 0.215741 0.218750 0.744444
142 bed 0.662468 0.759375 0.199074 0.211458 0.773148
142 wheelchair 0.737048 0.410937 0.307407 0.163021 0.482407
163 person 0.971877 0.413021 0.119444 0.172917 0.619444
163 bed 0.794691 0.756771 0.218519 0.213542 0.747222
163 wheelchair 0.527171 0.413021 0.300000 0.163021 0.487963
176 person 0.976181 0.403646 0.125000 0.199479 0.619444
176 bed 0.325832 0.018750 0.314815 0.225521 0.658333
176 bed 0.759791 0.756771 0.199074 0.213542 0.771296
176 wheelchair 0.626872 0.398958 0.285185 0.177604 0.465741
189 person 0.967664 0.401042 0.126852 0.206250 0.610185
189 bed 0.515953 0.014062 0.208333 0.235417 0.754630
189 bed 0.753445 0.764063 0.201852 0.201562 0.766667
189 wheelchair 0.549888 0.398958 0.292593 0.175000 0.444444
209 person 0.974183 0.398958 0.153704 0.216146 0.562037
209 bed 0.512339 0.016667 0.213889 0.230729 0.744444
209 bed 0.745173 0.761979 0.194444 0.208854 0.773148
209 wheelchair 0.282372 0.406250 0.259259 0.184896 0.441667
231 person 0.969544 0.398958 0.162963 0.220833 0.552778
231 bed 0.317479 0.011979 0.203704 0.240104 0.763889
231 bed 0.702107 0.764063 0.196296 0.206250 0.775926
231 wheelchair 0.473727 0.401042 0.242593 0.187500 0.480556
249 person 0.976144 0.396354 0.165741 0.223438 0.552778
249 bed 0.688433 0.766667 0.187037 0.201562 0.792593
249 bed 0.710295 0.014062 0.319444 0.235417 0.643519
249 wheelchair 0.478219 0.398958 0.247222 0.189583 0.470370
258 person 0.965218 0.393750 0.170370 0.230729 0.547222
258 bed 0.481731 0.016667 0.307407 0.232812 0.667593
258 bed 0.726426 0.768750 0.194444 0.201562 0.780556
258 wheelchair 0.615443 0.398958 0.230556 0.189583 0.497222
280 person 0.967938 0.391667 0.172222 0.235417 0.545370
280 bed 0.401806 0.016667 0.213889 0.232812 0.747222
280 bed 0.675975 0.766667 0.187037 0.201562 0.797222
280 wheelchair 0.805016 0.403646 0.232407 0.184896 0.492593
287 person 0.963976 0.389062 0.175000 0.235417 0.545370
287 bed 0.520266 0.016667 0.307407 0.232812 0.667593
287 bed 0.705646 0.768750 0.211111 0.194271 0.759259
287 wheelchair 0.813098 0.403646 0.235185 0.184896 0.485185
295 person 0.960602 0.389062 0.177778 0.235417 0.540741
295 bed 0.659254 0.016667 0.300000 0.230729 0.679630
295 bed 0.696622 0.766667 0.182407 0.199479 0.807407
295 wheelchair 0.800901 0.403646 0.232407 0.182292 0.485185
300 person 0.953636 0.389062 0.179630 0.235417 0.535185
300 bed 0.679520 0.766667 0.177778 0.199479 0.812037
300 bed 0.703093 0.016667 0.314815 0.235417 0.653704
300 wheelchair 0.857537 0.401042 0.225926 0.184896 0.497222
318 person 0.945860 0.406250 0.199074 0.208854 0.535185
318 wheelchair 0.771894 0.406250 0.218519 0.180208 0.516667
318 bed 0.435804 0.014062 0.203704 0.235417 0.763889
318 bed 0.713782 0.752083 0.179630 0.213542 0.809259
